p cnf 729 5590
1 2 3 4 5 6 7 8 9 0
10 11 12 13 14 15 16 17 18 0
19 20 21 22 23 24 25 26 27 0
28 29 30 31 32 33 34 35 36 0
37 38 39 40 41 42 43 44 45 0
46 47 48 49 50 51 52 53 54 0
55 56 57 58 59 60 61 62 63 0
64 65 66 67 68 69 70 71 72 0
73 74 75 76 77 78 79 80 81 0
82 83 84 85 86 87 88 89 90 0
91 92 93 94 95 96 97 98 99 0
100 101 102 103 104 105 106 107 108 0
109 110 111 112 113 114 115 116 117 0
118 119 120 121 122 123 124 125 126 0
127 128 129 130 131 132 133 134 135 0
136 137 138 139 140 141 142 143 144 0
145 146 147 148 149 150 151 152 153 0
154 155 156 157 158 159 160 161 162 0
163 164 165 166 167 168 169 170 171 0
172 173 174 175 176 177 178 179 180 0
181 182 183 184 185 186 187 188 189 0
190 191 192 193 194 195 196 197 198 0
199 200 201 202 203 204 205 206 207 0
208 209 210 211 212 213 214 215 216 0
217 218 219 220 221 222 223 224 225 0
226 227 228 229 230 231 232 233 234 0
235 236 237 238 239 240 241 242 243 0
244 245 246 247 248 249 250 251 252 0
253 254 255 256 257 258 259 260 261 0
262 263 264 265 266 267 268 269 270 0
271 272 273 274 275 276 277 278 279 0
280 281 282 283 284 285 286 287 288 0
289 290 291 292 293 294 295 296 297 0
298 299 300 301 302 303 304 305 306 0
307 308 309 310 311 312 313 314 315 0
316 317 318 319 320 321 322 323 324 0
325 326 327 328 329 330 331 332 333 0
334 335 336 337 338 339 340 341 342 0
343 344 345 346 347 348 349 350 351 0
352 353 354 355 356 357 358 359 360 0
361 362 363 364 365 366 367 368 369 0
370 371 372 373 374 375 376 377 378 0
379 380 381 382 383 384 385 386 387 0
388 389 390 391 392 393 394 395 396 0
397 398 399 400 401 402 403 404 405 0
406 407 408 409 410 411 412 413 414 0
415 416 417 418 419 420 421 422 423 0
424 425 426 427 428 429 430 431 432 0
433 434 435 436 437 438 439 440 441 0
442 443 444 445 446 447 448 449 450 0
451 452 453 454 455 456 457 458 459 0
460 461 462 463 464 465 466 467 468 0
469 470 471 472 473 474 475 476 477 0
478 479 480 481 482 483 484 485 486 0
487 488 489 490 491 492 493 494 495 0
496 497 498 499 500 501 502 503 504 0
505 506 507 508 509 510 511 512 513 0
514 515 516 517 518 519 520 521 522 0
523 524 525 526 527 528 529 530 531 0
532 533 534 535 536 537 538 539 540 0
541 542 543 544 545 546 547 548 549 0
550 551 552 553 554 555 556 557 558 0
559 560 561 562 563 564 565 566 567 0
568 569 570 571 572 573 574 575 576 0
577 578 579 580 581 582 583 584 585 0
586 587 588 589 590 591 592 593 594 0
595 596 597 598 599 600 601 602 603 0
604 605 606 607 608 609 610 611 612 0
613 614 615 616 617 618 619 620 621 0
622 623 624 625 626 627 628 629 630 0
631 632 633 634 635 636 637 638 639 0
640 641 642 643 644 645 646 647 648 0
649 650 651 652 653 654 655 656 657 0
658 659 660 661 662 663 664 665 666 0
667 668 669 670 671 672 673 674 675 0
676 677 678 679 680 681 682 683 684 0
685 686 687 688 689 690 691 692 693 0
694 695 696 697 698 699 700 701 702 0
703 704 705 706 707 708 709 710 711 0
712 713 714 715 716 717 718 719 720 0
721 722 723 724 725 726 727 728 729 0
-1 -10 0
-1 -19 0
-1 -28 0
-1 -37 0
-1 -46 0
-1 -55 0
-1 -64 0
-1 -73 0
-10 -19 0
-10 -28 0
-10 -37 0
-10 -46 0
-10 -55 0
-10 -64 0
-10 -73 0
-19 -28 0
-19 -37 0
-19 -46 0
-19 -55 0
-19 -64 0
-19 -73 0
-28 -37 0
-28 -46 0
-28 -55 0
-28 -64 0
-28 -73 0
-37 -46 0
-37 -55 0
-37 -64 0
-37 -73 0
-46 -55 0
-46 -64 0
-46 -73 0
-55 -64 0
-55 -73 0
-64 -73 0
-2 -11 0
-2 -20 0
-2 -29 0
-2 -38 0
-2 -47 0
-2 -56 0
-2 -65 0
-2 -74 0
-11 -20 0
-11 -29 0
-11 -38 0
-11 -47 0
-11 -56 0
-11 -65 0
-11 -74 0
-20 -29 0
-20 -38 0
-20 -47 0
-20 -56 0
-20 -65 0
-20 -74 0
-29 -38 0
-29 -47 0
-29 -56 0
-29 -65 0
-29 -74 0
-38 -47 0
-38 -56 0
-38 -65 0
-38 -74 0
-47 -56 0
-47 -65 0
-47 -74 0
-56 -65 0
-56 -74 0
-65 -74 0
-3 -12 0
-3 -21 0
-3 -30 0
-3 -39 0
-3 -48 0
-3 -57 0
-3 -66 0
-3 -75 0
-12 -21 0
-12 -30 0
-12 -39 0
-12 -48 0
-12 -57 0
-12 -66 0
-12 -75 0
-21 -30 0
-21 -39 0
-21 -48 0
-21 -57 0
-21 -66 0
-21 -75 0
-30 -39 0
-30 -48 0
-30 -57 0
-30 -66 0
-30 -75 0
-39 -48 0
-39 -57 0
-39 -66 0
-39 -75 0
-48 -57 0
-48 -66 0
-48 -75 0
-57 -66 0
-57 -75 0
-66 -75 0
-4 -13 0
-4 -22 0
-4 -31 0
-4 -40 0
-4 -49 0
-4 -58 0
-4 -67 0
-4 -76 0
-13 -22 0
-13 -31 0
-13 -40 0
-13 -49 0
-13 -58 0
-13 -67 0
-13 -76 0
-22 -31 0
-22 -40 0
-22 -49 0
-22 -58 0
-22 -67 0
-22 -76 0
-31 -40 0
-31 -49 0
-31 -58 0
-31 -67 0
-31 -76 0
-40 -49 0
-40 -58 0
-40 -67 0
-40 -76 0
-49 -58 0
-49 -67 0
-49 -76 0
-58 -67 0
-58 -76 0
-67 -76 0
-5 -14 0
-5 -23 0
-5 -32 0
-5 -41 0
-5 -50 0
-5 -59 0
-5 -68 0
-5 -77 0
-14 -23 0
-14 -32 0
-14 -41 0
-14 -50 0
-14 -59 0
-14 -68 0
-14 -77 0
-23 -32 0
-23 -41 0
-23 -50 0
-23 -59 0
-23 -68 0
-23 -77 0
-32 -41 0
-32 -50 0
-32 -59 0
-32 -68 0
-32 -77 0
-41 -50 0
-41 -59 0
-41 -68 0
-41 -77 0
-50 -59 0
-50 -68 0
-50 -77 0
-59 -68 0
-59 -77 0
-68 -77 0
-6 -15 0
-6 -24 0
-6 -33 0
-6 -42 0
-6 -51 0
-6 -60 0
-6 -69 0
-6 -78 0
-15 -24 0
-15 -33 0
-15 -42 0
-15 -51 0
-15 -60 0
-15 -69 0
-15 -78 0
-24 -33 0
-24 -42 0
-24 -51 0
-24 -60 0
-24 -69 0
-24 -78 0
-33 -42 0
-33 -51 0
-33 -60 0
-33 -69 0
-33 -78 0
-42 -51 0
-42 -60 0
-42 -69 0
-42 -78 0
-51 -60 0
-51 -69 0
-51 -78 0
-60 -69 0
-60 -78 0
-69 -78 0
-7 -16 0
-7 -25 0
-7 -34 0
-7 -43 0
-7 -52 0
-7 -61 0
-7 -70 0
-7 -79 0
-16 -25 0
-16 -34 0
-16 -43 0
-16 -52 0
-16 -61 0
-16 -70 0
-16 -79 0
-25 -34 0
-25 -43 0
-25 -52 0
-25 -61 0
-25 -70 0
-25 -79 0
-34 -43 0
-34 -52 0
-34 -61 0
-34 -70 0
-34 -79 0
-43 -52 0
-43 -61 0
-43 -70 0
-43 -79 0
-52 -61 0
-52 -70 0
-52 -79 0
-61 -70 0
-61 -79 0
-70 -79 0
-8 -17 0
-8 -26 0
-8 -35 0
-8 -44 0
-8 -53 0
-8 -62 0
-8 -71 0
-8 -80 0
-17 -26 0
-17 -35 0
-17 -44 0
-17 -53 0
-17 -62 0
-17 -71 0
-17 -80 0
-26 -35 0
-26 -44 0
-26 -53 0
-26 -62 0
-26 -71 0
-26 -80 0
-35 -44 0
-35 -53 0
-35 -62 0
-35 -71 0
-35 -80 0
-44 -53 0
-44 -62 0
-44 -71 0
-44 -80 0
-53 -62 0
-53 -71 0
-53 -80 0
-62 -71 0
-62 -80 0
-71 -80 0
-9 -18 0
-9 -27 0
-9 -36 0
-9 -45 0
-9 -54 0
-9 -63 0
-9 -72 0
-9 -81 0
-18 -27 0
-18 -36 0
-18 -45 0
-18 -54 0
-18 -63 0
-18 -72 0
-18 -81 0
-27 -36 0
-27 -45 0
-27 -54 0
-27 -63 0
-27 -72 0
-27 -81 0
-36 -45 0
-36 -54 0
-36 -63 0
-36 -72 0
-36 -81 0
-45 -54 0
-45 -63 0
-45 -72 0
-45 -81 0
-54 -63 0
-54 -72 0
-54 -81 0
-63 -72 0
-63 -81 0
-72 -81 0
-82 -91 0
-82 -100 0
-82 -109 0
-82 -118 0
-82 -127 0
-82 -136 0
-82 -145 0
-82 -154 0
-91 -100 0
-91 -109 0
-91 -118 0
-91 -127 0
-91 -136 0
-91 -145 0
-91 -154 0
-100 -109 0
-100 -118 0
-100 -127 0
-100 -136 0
-100 -145 0
-100 -154 0
-109 -118 0
-109 -127 0
-109 -136 0
-109 -145 0
-109 -154 0
-118 -127 0
-118 -136 0
-118 -145 0
-118 -154 0
-127 -136 0
-127 -145 0
-127 -154 0
-136 -145 0
-136 -154 0
-145 -154 0
-83 -92 0
-83 -101 0
-83 -110 0
-83 -119 0
-83 -128 0
-83 -137 0
-83 -146 0
-83 -155 0
-92 -101 0
-92 -110 0
-92 -119 0
-92 -128 0
-92 -137 0
-92 -146 0
-92 -155 0
-101 -110 0
-101 -119 0
-101 -128 0
-101 -137 0
-101 -146 0
-101 -155 0
-110 -119 0
-110 -128 0
-110 -137 0
-110 -146 0
-110 -155 0
-119 -128 0
-119 -137 0
-119 -146 0
-119 -155 0
-128 -137 0
-128 -146 0
-128 -155 0
-137 -146 0
-137 -155 0
-146 -155 0
-84 -93 0
-84 -102 0
-84 -111 0
-84 -120 0
-84 -129 0
-84 -138 0
-84 -147 0
-84 -156 0
-93 -102 0
-93 -111 0
-93 -120 0
-93 -129 0
-93 -138 0
-93 -147 0
-93 -156 0
-102 -111 0
-102 -120 0
-102 -129 0
-102 -138 0
-102 -147 0
-102 -156 0
-111 -120 0
-111 -129 0
-111 -138 0
-111 -147 0
-111 -156 0
-120 -129 0
-120 -138 0
-120 -147 0
-120 -156 0
-129 -138 0
-129 -147 0
-129 -156 0
-138 -147 0
-138 -156 0
-147 -156 0
-85 -94 0
-85 -103 0
-85 -112 0
-85 -121 0
-85 -130 0
-85 -139 0
-85 -148 0
-85 -157 0
-94 -103 0
-94 -112 0
-94 -121 0
-94 -130 0
-94 -139 0
-94 -148 0
-94 -157 0
-103 -112 0
-103 -121 0
-103 -130 0
-103 -139 0
-103 -148 0
-103 -157 0
-112 -121 0
-112 -130 0
-112 -139 0
-112 -148 0
-112 -157 0
-121 -130 0
-121 -139 0
-121 -148 0
-121 -157 0
-130 -139 0
-130 -148 0
-130 -157 0
-139 -148 0
-139 -157 0
-148 -157 0
-86 -95 0
-86 -104 0
-86 -113 0
-86 -122 0
-86 -131 0
-86 -140 0
-86 -149 0
-86 -158 0
-95 -104 0
-95 -113 0
-95 -122 0
-95 -131 0
-95 -140 0
-95 -149 0
-95 -158 0
-104 -113 0
-104 -122 0
-104 -131 0
-104 -140 0
-104 -149 0
-104 -158 0
-113 -122 0
-113 -131 0
-113 -140 0
-113 -149 0
-113 -158 0
-122 -131 0
-122 -140 0
-122 -149 0
-122 -158 0
-131 -140 0
-131 -149 0
-131 -158 0
-140 -149 0
-140 -158 0
-149 -158 0
-87 -96 0
-87 -105 0
-87 -114 0
-87 -123 0
-87 -132 0
-87 -141 0
-87 -150 0
-87 -159 0
-96 -105 0
-96 -114 0
-96 -123 0
-96 -132 0
-96 -141 0
-96 -150 0
-96 -159 0
-105 -114 0
-105 -123 0
-105 -132 0
-105 -141 0
-105 -150 0
-105 -159 0
-114 -123 0
-114 -132 0
-114 -141 0
-114 -150 0
-114 -159 0
-123 -132 0
-123 -141 0
-123 -150 0
-123 -159 0
-132 -141 0
-132 -150 0
-132 -159 0
-141 -150 0
-141 -159 0
-150 -159 0
-88 -97 0
-88 -106 0
-88 -115 0
-88 -124 0
-88 -133 0
-88 -142 0
-88 -151 0
-88 -160 0
-97 -106 0
-97 -115 0
-97 -124 0
-97 -133 0
-97 -142 0
-97 -151 0
-97 -160 0
-106 -115 0
-106 -124 0
-106 -133 0
-106 -142 0
-106 -151 0
-106 -160 0
-115 -124 0
-115 -133 0
-115 -142 0
-115 -151 0
-115 -160 0
-124 -133 0
-124 -142 0
-124 -151 0
-124 -160 0
-133 -142 0
-133 -151 0
-133 -160 0
-142 -151 0
-142 -160 0
-151 -160 0
-89 -98 0
-89 -107 0
-89 -116 0
-89 -125 0
-89 -134 0
-89 -143 0
-89 -152 0
-89 -161 0
-98 -107 0
-98 -116 0
-98 -125 0
-98 -134 0
-98 -143 0
-98 -152 0
-98 -161 0
-107 -116 0
-107 -125 0
-107 -134 0
-107 -143 0
-107 -152 0
-107 -161 0
-116 -125 0
-116 -134 0
-116 -143 0
-116 -152 0
-116 -161 0
-125 -134 0
-125 -143 0
-125 -152 0
-125 -161 0
-134 -143 0
-134 -152 0
-134 -161 0
-143 -152 0
-143 -161 0
-152 -161 0
-90 -99 0
-90 -108 0
-90 -117 0
-90 -126 0
-90 -135 0
-90 -144 0
-90 -153 0
-90 -162 0
-99 -108 0
-99 -117 0
-99 -126 0
-99 -135 0
-99 -144 0
-99 -153 0
-99 -162 0
-108 -117 0
-108 -126 0
-108 -135 0
-108 -144 0
-108 -153 0
-108 -162 0
-117 -126 0
-117 -135 0
-117 -144 0
-117 -153 0
-117 -162 0
-126 -135 0
-126 -144 0
-126 -153 0
-126 -162 0
-135 -144 0
-135 -153 0
-135 -162 0
-144 -153 0
-144 -162 0
-153 -162 0
-163 -172 0
-163 -181 0
-163 -190 0
-163 -199 0
-163 -208 0
-163 -217 0
-163 -226 0
-163 -235 0
-172 -181 0
-172 -190 0
-172 -199 0
-172 -208 0
-172 -217 0
-172 -226 0
-172 -235 0
-181 -190 0
-181 -199 0
-181 -208 0
-181 -217 0
-181 -226 0
-181 -235 0
-190 -199 0
-190 -208 0
-190 -217 0
-190 -226 0
-190 -235 0
-199 -208 0
-199 -217 0
-199 -226 0
-199 -235 0
-208 -217 0
-208 -226 0
-208 -235 0
-217 -226 0
-217 -235 0
-226 -235 0
-164 -173 0
-164 -182 0
-164 -191 0
-164 -200 0
-164 -209 0
-164 -218 0
-164 -227 0
-164 -236 0
-173 -182 0
-173 -191 0
-173 -200 0
-173 -209 0
-173 -218 0
-173 -227 0
-173 -236 0
-182 -191 0
-182 -200 0
-182 -209 0
-182 -218 0
-182 -227 0
-182 -236 0
-191 -200 0
-191 -209 0
-191 -218 0
-191 -227 0
-191 -236 0
-200 -209 0
-200 -218 0
-200 -227 0
-200 -236 0
-209 -218 0
-209 -227 0
-209 -236 0
-218 -227 0
-218 -236 0
-227 -236 0
-165 -174 0
-165 -183 0
-165 -192 0
-165 -201 0
-165 -210 0
-165 -219 0
-165 -228 0
-165 -237 0
-174 -183 0
-174 -192 0
-174 -201 0
-174 -210 0
-174 -219 0
-174 -228 0
-174 -237 0
-183 -192 0
-183 -201 0
-183 -210 0
-183 -219 0
-183 -228 0
-183 -237 0
-192 -201 0
-192 -210 0
-192 -219 0
-192 -228 0
-192 -237 0
-201 -210 0
-201 -219 0
-201 -228 0
-201 -237 0
-210 -219 0
-210 -228 0
-210 -237 0
-219 -228 0
-219 -237 0
-228 -237 0
-166 -175 0
-166 -184 0
-166 -193 0
-166 -202 0
-166 -211 0
-166 -220 0
-166 -229 0
-166 -238 0
-175 -184 0
-175 -193 0
-175 -202 0
-175 -211 0
-175 -220 0
-175 -229 0
-175 -238 0
-184 -193 0
-184 -202 0
-184 -211 0
-184 -220 0
-184 -229 0
-184 -238 0
-193 -202 0
-193 -211 0
-193 -220 0
-193 -229 0
-193 -238 0
-202 -211 0
-202 -220 0
-202 -229 0
-202 -238 0
-211 -220 0
-211 -229 0
-211 -238 0
-220 -229 0
-220 -238 0
-229 -238 0
-167 -176 0
-167 -185 0
-167 -194 0
-167 -203 0
-167 -212 0
-167 -221 0
-167 -230 0
-167 -239 0
-176 -185 0
-176 -194 0
-176 -203 0
-176 -212 0
-176 -221 0
-176 -230 0
-176 -239 0
-185 -194 0
-185 -203 0
-185 -212 0
-185 -221 0
-185 -230 0
-185 -239 0
-194 -203 0
-194 -212 0
-194 -221 0
-194 -230 0
-194 -239 0
-203 -212 0
-203 -221 0
-203 -230 0
-203 -239 0
-212 -221 0
-212 -230 0
-212 -239 0
-221 -230 0
-221 -239 0
-230 -239 0
-168 -177 0
-168 -186 0
-168 -195 0
-168 -204 0
-168 -213 0
-168 -222 0
-168 -231 0
-168 -240 0
-177 -186 0
-177 -195 0
-177 -204 0
-177 -213 0
-177 -222 0
-177 -231 0
-177 -240 0
-186 -195 0
-186 -204 0
-186 -213 0
-186 -222 0
-186 -231 0
-186 -240 0
-195 -204 0
-195 -213 0
-195 -222 0
-195 -231 0
-195 -240 0
-204 -213 0
-204 -222 0
-204 -231 0
-204 -240 0
-213 -222 0
-213 -231 0
-213 -240 0
-222 -231 0
-222 -240 0
-231 -240 0
-169 -178 0
-169 -187 0
-169 -196 0
-169 -205 0
-169 -214 0
-169 -223 0
-169 -232 0
-169 -241 0
-178 -187 0
-178 -196 0
-178 -205 0
-178 -214 0
-178 -223 0
-178 -232 0
-178 -241 0
-187 -196 0
-187 -205 0
-187 -214 0
-187 -223 0
-187 -232 0
-187 -241 0
-196 -205 0
-196 -214 0
-196 -223 0
-196 -232 0
-196 -241 0
-205 -214 0
-205 -223 0
-205 -232 0
-205 -241 0
-214 -223 0
-214 -232 0
-214 -241 0
-223 -232 0
-223 -241 0
-232 -241 0
-170 -179 0
-170 -188 0
-170 -197 0
-170 -206 0
-170 -215 0
-170 -224 0
-170 -233 0
-170 -242 0
-179 -188 0
-179 -197 0
-179 -206 0
-179 -215 0
-179 -224 0
-179 -233 0
-179 -242 0
-188 -197 0
-188 -206 0
-188 -215 0
-188 -224 0
-188 -233 0
-188 -242 0
-197 -206 0
-197 -215 0
-197 -224 0
-197 -233 0
-197 -242 0
-206 -215 0
-206 -224 0
-206 -233 0
-206 -242 0
-215 -224 0
-215 -233 0
-215 -242 0
-224 -233 0
-224 -242 0
-233 -242 0
-171 -180 0
-171 -189 0
-171 -198 0
-171 -207 0
-171 -216 0
-171 -225 0
-171 -234 0
-171 -243 0
-180 -189 0
-180 -198 0
-180 -207 0
-180 -216 0
-180 -225 0
-180 -234 0
-180 -243 0
-189 -198 0
-189 -207 0
-189 -216 0
-189 -225 0
-189 -234 0
-189 -243 0
-198 -207 0
-198 -216 0
-198 -225 0
-198 -234 0
-198 -243 0
-207 -216 0
-207 -225 0
-207 -234 0
-207 -243 0
-216 -225 0
-216 -234 0
-216 -243 0
-225 -234 0
-225 -243 0
-234 -243 0
-244 -253 0
-244 -262 0
-244 -271 0
-244 -280 0
-244 -289 0
-244 -298 0
-244 -307 0
-244 -316 0
-253 -262 0
-253 -271 0
-253 -280 0
-253 -289 0
-253 -298 0
-253 -307 0
-253 -316 0
-262 -271 0
-262 -280 0
-262 -289 0
-262 -298 0
-262 -307 0
-262 -316 0
-271 -280 0
-271 -289 0
-271 -298 0
-271 -307 0
-271 -316 0
-280 -289 0
-280 -298 0
-280 -307 0
-280 -316 0
-289 -298 0
-289 -307 0
-289 -316 0
-298 -307 0
-298 -316 0
-307 -316 0
-245 -254 0
-245 -263 0
-245 -272 0
-245 -281 0
-245 -290 0
-245 -299 0
-245 -308 0
-245 -317 0
-254 -263 0
-254 -272 0
-254 -281 0
-254 -290 0
-254 -299 0
-254 -308 0
-254 -317 0
-263 -272 0
-263 -281 0
-263 -290 0
-263 -299 0
-263 -308 0
-263 -317 0
-272 -281 0
-272 -290 0
-272 -299 0
-272 -308 0
-272 -317 0
-281 -290 0
-281 -299 0
-281 -308 0
-281 -317 0
-290 -299 0
-290 -308 0
-290 -317 0
-299 -308 0
-299 -317 0
-308 -317 0
-246 -255 0
-246 -264 0
-246 -273 0
-246 -282 0
-246 -291 0
-246 -300 0
-246 -309 0
-246 -318 0
-255 -264 0
-255 -273 0
-255 -282 0
-255 -291 0
-255 -300 0
-255 -309 0
-255 -318 0
-264 -273 0
-264 -282 0
-264 -291 0
-264 -300 0
-264 -309 0
-264 -318 0
-273 -282 0
-273 -291 0
-273 -300 0
-273 -309 0
-273 -318 0
-282 -291 0
-282 -300 0
-282 -309 0
-282 -318 0
-291 -300 0
-291 -309 0
-291 -318 0
-300 -309 0
-300 -318 0
-309 -318 0
-247 -256 0
-247 -265 0
-247 -274 0
-247 -283 0
-247 -292 0
-247 -301 0
-247 -310 0
-247 -319 0
-256 -265 0
-256 -274 0
-256 -283 0
-256 -292 0
-256 -301 0
-256 -310 0
-256 -319 0
-265 -274 0
-265 -283 0
-265 -292 0
-265 -301 0
-265 -310 0
-265 -319 0
-274 -283 0
-274 -292 0
-274 -301 0
-274 -310 0
-274 -319 0
-283 -292 0
-283 -301 0
-283 -310 0
-283 -319 0
-292 -301 0
-292 -310 0
-292 -319 0
-301 -310 0
-301 -319 0
-310 -319 0
-248 -257 0
-248 -266 0
-248 -275 0
-248 -284 0
-248 -293 0
-248 -302 0
-248 -311 0
-248 -320 0
-257 -266 0
-257 -275 0
-257 -284 0
-257 -293 0
-257 -302 0
-257 -311 0
-257 -320 0
-266 -275 0
-266 -284 0
-266 -293 0
-266 -302 0
-266 -311 0
-266 -320 0
-275 -284 0
-275 -293 0
-275 -302 0
-275 -311 0
-275 -320 0
-284 -293 0
-284 -302 0
-284 -311 0
-284 -320 0
-293 -302 0
-293 -311 0
-293 -320 0
-302 -311 0
-302 -320 0
-311 -320 0
-249 -258 0
-249 -267 0
-249 -276 0
-249 -285 0
-249 -294 0
-249 -303 0
-249 -312 0
-249 -321 0
-258 -267 0
-258 -276 0
-258 -285 0
-258 -294 0
-258 -303 0
-258 -312 0
-258 -321 0
-267 -276 0
-267 -285 0
-267 -294 0
-267 -303 0
-267 -312 0
-267 -321 0
-276 -285 0
-276 -294 0
-276 -303 0
-276 -312 0
-276 -321 0
-285 -294 0
-285 -303 0
-285 -312 0
-285 -321 0
-294 -303 0
-294 -312 0
-294 -321 0
-303 -312 0
-303 -321 0
-312 -321 0
-250 -259 0
-250 -268 0
-250 -277 0
-250 -286 0
-250 -295 0
-250 -304 0
-250 -313 0
-250 -322 0
-259 -268 0
-259 -277 0
-259 -286 0
-259 -295 0
-259 -304 0
-259 -313 0
-259 -322 0
-268 -277 0
-268 -286 0
-268 -295 0
-268 -304 0
-268 -313 0
-268 -322 0
-277 -286 0
-277 -295 0
-277 -304 0
-277 -313 0
-277 -322 0
-286 -295 0
-286 -304 0
-286 -313 0
-286 -322 0
-295 -304 0
-295 -313 0
-295 -322 0
-304 -313 0
-304 -322 0
-313 -322 0
-251 -260 0
-251 -269 0
-251 -278 0
-251 -287 0
-251 -296 0
-251 -305 0
-251 -314 0
-251 -323 0
-260 -269 0
-260 -278 0
-260 -287 0
-260 -296 0
-260 -305 0
-260 -314 0
-260 -323 0
-269 -278 0
-269 -287 0
-269 -296 0
-269 -305 0
-269 -314 0
-269 -323 0
-278 -287 0
-278 -296 0
-278 -305 0
-278 -314 0
-278 -323 0
-287 -296 0
-287 -305 0
-287 -314 0
-287 -323 0
-296 -305 0
-296 -314 0
-296 -323 0
-305 -314 0
-305 -323 0
-314 -323 0
-252 -261 0
-252 -270 0
-252 -279 0
-252 -288 0
-252 -297 0
-252 -306 0
-252 -315 0
-252 -324 0
-261 -270 0
-261 -279 0
-261 -288 0
-261 -297 0
-261 -306 0
-261 -315 0
-261 -324 0
-270 -279 0
-270 -288 0
-270 -297 0
-270 -306 0
-270 -315 0
-270 -324 0
-279 -288 0
-279 -297 0
-279 -306 0
-279 -315 0
-279 -324 0
-288 -297 0
-288 -306 0
-288 -315 0
-288 -324 0
-297 -306 0
-297 -315 0
-297 -324 0
-306 -315 0
-306 -324 0
-315 -324 0
-325 -334 0
-325 -343 0
-325 -352 0
-325 -361 0
-325 -370 0
-325 -379 0
-325 -388 0
-325 -397 0
-334 -343 0
-334 -352 0
-334 -361 0
-334 -370 0
-334 -379 0
-334 -388 0
-334 -397 0
-343 -352 0
-343 -361 0
-343 -370 0
-343 -379 0
-343 -388 0
-343 -397 0
-352 -361 0
-352 -370 0
-352 -379 0
-352 -388 0
-352 -397 0
-361 -370 0
-361 -379 0
-361 -388 0
-361 -397 0
-370 -379 0
-370 -388 0
-370 -397 0
-379 -388 0
-379 -397 0
-388 -397 0
-326 -335 0
-326 -344 0
-326 -353 0
-326 -362 0
-326 -371 0
-326 -380 0
-326 -389 0
-326 -398 0
-335 -344 0
-335 -353 0
-335 -362 0
-335 -371 0
-335 -380 0
-335 -389 0
-335 -398 0
-344 -353 0
-344 -362 0
-344 -371 0
-344 -380 0
-344 -389 0
-344 -398 0
-353 -362 0
-353 -371 0
-353 -380 0
-353 -389 0
-353 -398 0
-362 -371 0
-362 -380 0
-362 -389 0
-362 -398 0
-371 -380 0
-371 -389 0
-371 -398 0
-380 -389 0
-380 -398 0
-389 -398 0
-327 -336 0
-327 -345 0
-327 -354 0
-327 -363 0
-327 -372 0
-327 -381 0
-327 -390 0
-327 -399 0
-336 -345 0
-336 -354 0
-336 -363 0
-336 -372 0
-336 -381 0
-336 -390 0
-336 -399 0
-345 -354 0
-345 -363 0
-345 -372 0
-345 -381 0
-345 -390 0
-345 -399 0
-354 -363 0
-354 -372 0
-354 -381 0
-354 -390 0
-354 -399 0
-363 -372 0
-363 -381 0
-363 -390 0
-363 -399 0
-372 -381 0
-372 -390 0
-372 -399 0
-381 -390 0
-381 -399 0
-390 -399 0
-328 -337 0
-328 -346 0
-328 -355 0
-328 -364 0
-328 -373 0
-328 -382 0
-328 -391 0
-328 -400 0
-337 -346 0
-337 -355 0
-337 -364 0
-337 -373 0
-337 -382 0
-337 -391 0
-337 -400 0
-346 -355 0
-346 -364 0
-346 -373 0
-346 -382 0
-346 -391 0
-346 -400 0
-355 -364 0
-355 -373 0
-355 -382 0
-355 -391 0
-355 -400 0
-364 -373 0
-364 -382 0
-364 -391 0
-364 -400 0
-373 -382 0
-373 -391 0
-373 -400 0
-382 -391 0
-382 -400 0
-391 -400 0
-329 -338 0
-329 -347 0
-329 -356 0
-329 -365 0
-329 -374 0
-329 -383 0
-329 -392 0
-329 -401 0
-338 -347 0
-338 -356 0
-338 -365 0
-338 -374 0
-338 -383 0
-338 -392 0
-338 -401 0
-347 -356 0
-347 -365 0
-347 -374 0
-347 -383 0
-347 -392 0
-347 -401 0
-356 -365 0
-356 -374 0
-356 -383 0
-356 -392 0
-356 -401 0
-365 -374 0
-365 -383 0
-365 -392 0
-365 -401 0
-374 -383 0
-374 -392 0
-374 -401 0
-383 -392 0
-383 -401 0
-392 -401 0
-330 -339 0
-330 -348 0
-330 -357 0
-330 -366 0
-330 -375 0
-330 -384 0
-330 -393 0
-330 -402 0
-339 -348 0
-339 -357 0
-339 -366 0
-339 -375 0
-339 -384 0
-339 -393 0
-339 -402 0
-348 -357 0
-348 -366 0
-348 -375 0
-348 -384 0
-348 -393 0
-348 -402 0
-357 -366 0
-357 -375 0
-357 -384 0
-357 -393 0
-357 -402 0
-366 -375 0
-366 -384 0
-366 -393 0
-366 -402 0
-375 -384 0
-375 -393 0
-375 -402 0
-384 -393 0
-384 -402 0
-393 -402 0
-331 -340 0
-331 -349 0
-331 -358 0
-331 -367 0
-331 -376 0
-331 -385 0
-331 -394 0
-331 -403 0
-340 -349 0
-340 -358 0
-340 -367 0
-340 -376 0
-340 -385 0
-340 -394 0
-340 -403 0
-349 -358 0
-349 -367 0
-349 -376 0
-349 -385 0
-349 -394 0
-349 -403 0
-358 -367 0
-358 -376 0
-358 -385 0
-358 -394 0
-358 -403 0
-367 -376 0
-367 -385 0
-367 -394 0
-367 -403 0
-376 -385 0
-376 -394 0
-376 -403 0
-385 -394 0
-385 -403 0
-394 -403 0
-332 -341 0
-332 -350 0
-332 -359 0
-332 -368 0
-332 -377 0
-332 -386 0
-332 -395 0
-332 -404 0
-341 -350 0
-341 -359 0
-341 -368 0
-341 -377 0
-341 -386 0
-341 -395 0
-341 -404 0
-350 -359 0
-350 -368 0
-350 -377 0
-350 -386 0
-350 -395 0
-350 -404 0
-359 -368 0
-359 -377 0
-359 -386 0
-359 -395 0
-359 -404 0
-368 -377 0
-368 -386 0
-368 -395 0
-368 -404 0
-377 -386 0
-377 -395 0
-377 -404 0
-386 -395 0
-386 -404 0
-395 -404 0
-333 -342 0
-333 -351 0
-333 -360 0
-333 -369 0
-333 -378 0
-333 -387 0
-333 -396 0
-333 -405 0
-342 -351 0
-342 -360 0
-342 -369 0
-342 -378 0
-342 -387 0
-342 -396 0
-342 -405 0
-351 -360 0
-351 -369 0
-351 -378 0
-351 -387 0
-351 -396 0
-351 -405 0
-360 -369 0
-360 -378 0
-360 -387 0
-360 -396 0
-360 -405 0
-369 -378 0
-369 -387 0
-369 -396 0
-369 -405 0
-378 -387 0
-378 -396 0
-378 -405 0
-387 -396 0
-387 -405 0
-396 -405 0
-406 -415 0
-406 -424 0
-406 -433 0
-406 -442 0
-406 -451 0
-406 -460 0
-406 -469 0
-406 -478 0
-415 -424 0
-415 -433 0
-415 -442 0
-415 -451 0
-415 -460 0
-415 -469 0
-415 -478 0
-424 -433 0
-424 -442 0
-424 -451 0
-424 -460 0
-424 -469 0
-424 -478 0
-433 -442 0
-433 -451 0
-433 -460 0
-433 -469 0
-433 -478 0
-442 -451 0
-442 -460 0
-442 -469 0
-442 -478 0
-451 -460 0
-451 -469 0
-451 -478 0
-460 -469 0
-460 -478 0
-469 -478 0
-407 -416 0
-407 -425 0
-407 -434 0
-407 -443 0
-407 -452 0
-407 -461 0
-407 -470 0
-407 -479 0
-416 -425 0
-416 -434 0
-416 -443 0
-416 -452 0
-416 -461 0
-416 -470 0
-416 -479 0
-425 -434 0
-425 -443 0
-425 -452 0
-425 -461 0
-425 -470 0
-425 -479 0
-434 -443 0
-434 -452 0
-434 -461 0
-434 -470 0
-434 -479 0
-443 -452 0
-443 -461 0
-443 -470 0
-443 -479 0
-452 -461 0
-452 -470 0
-452 -479 0
-461 -470 0
-461 -479 0
-470 -479 0
-408 -417 0
-408 -426 0
-408 -435 0
-408 -444 0
-408 -453 0
-408 -462 0
-408 -471 0
-408 -480 0
-417 -426 0
-417 -435 0
-417 -444 0
-417 -453 0
-417 -462 0
-417 -471 0
-417 -480 0
-426 -435 0
-426 -444 0
-426 -453 0
-426 -462 0
-426 -471 0
-426 -480 0
-435 -444 0
-435 -453 0
-435 -462 0
-435 -471 0
-435 -480 0
-444 -453 0
-444 -462 0
-444 -471 0
-444 -480 0
-453 -462 0
-453 -471 0
-453 -480 0
-462 -471 0
-462 -480 0
-471 -480 0
-409 -418 0
-409 -427 0
-409 -436 0
-409 -445 0
-409 -454 0
-409 -463 0
-409 -472 0
-409 -481 0
-418 -427 0
-418 -436 0
-418 -445 0
-418 -454 0
-418 -463 0
-418 -472 0
-418 -481 0
-427 -436 0
-427 -445 0
-427 -454 0
-427 -463 0
-427 -472 0
-427 -481 0
-436 -445 0
-436 -454 0
-436 -463 0
-436 -472 0
-436 -481 0
-445 -454 0
-445 -463 0
-445 -472 0
-445 -481 0
-454 -463 0
-454 -472 0
-454 -481 0
-463 -472 0
-463 -481 0
-472 -481 0
-410 -419 0
-410 -428 0
-410 -437 0
-410 -446 0
-410 -455 0
-410 -464 0
-410 -473 0
-410 -482 0
-419 -428 0
-419 -437 0
-419 -446 0
-419 -455 0
-419 -464 0
-419 -473 0
-419 -482 0
-428 -437 0
-428 -446 0
-428 -455 0
-428 -464 0
-428 -473 0
-428 -482 0
-437 -446 0
-437 -455 0
-437 -464 0
-437 -473 0
-437 -482 0
-446 -455 0
-446 -464 0
-446 -473 0
-446 -482 0
-455 -464 0
-455 -473 0
-455 -482 0
-464 -473 0
-464 -482 0
-473 -482 0
-411 -420 0
-411 -429 0
-411 -438 0
-411 -447 0
-411 -456 0
-411 -465 0
-411 -474 0
-411 -483 0
-420 -429 0
-420 -438 0
-420 -447 0
-420 -456 0
-420 -465 0
-420 -474 0
-420 -483 0
-429 -438 0
-429 -447 0
-429 -456 0
-429 -465 0
-429 -474 0
-429 -483 0
-438 -447 0
-438 -456 0
-438 -465 0
-438 -474 0
-438 -483 0
-447 -456 0
-447 -465 0
-447 -474 0
-447 -483 0
-456 -465 0
-456 -474 0
-456 -483 0
-465 -474 0
-465 -483 0
-474 -483 0
-412 -421 0
-412 -430 0
-412 -439 0
-412 -448 0
-412 -457 0
-412 -466 0
-412 -475 0
-412 -484 0
-421 -430 0
-421 -439 0
-421 -448 0
-421 -457 0
-421 -466 0
-421 -475 0
-421 -484 0
-430 -439 0
-430 -448 0
-430 -457 0
-430 -466 0
-430 -475 0
-430 -484 0
-439 -448 0
-439 -457 0
-439 -466 0
-439 -475 0
-439 -484 0
-448 -457 0
-448 -466 0
-448 -475 0
-448 -484 0
-457 -466 0
-457 -475 0
-457 -484 0
-466 -475 0
-466 -484 0
-475 -484 0
-413 -422 0
-413 -431 0
-413 -440 0
-413 -449 0
-413 -458 0
-413 -467 0
-413 -476 0
-413 -485 0
-422 -431 0
-422 -440 0
-422 -449 0
-422 -458 0
-422 -467 0
-422 -476 0
-422 -485 0
-431 -440 0
-431 -449 0
-431 -458 0
-431 -467 0
-431 -476 0
-431 -485 0
-440 -449 0
-440 -458 0
-440 -467 0
-440 -476 0
-440 -485 0
-449 -458 0
-449 -467 0
-449 -476 0
-449 -485 0
-458 -467 0
-458 -476 0
-458 -485 0
-467 -476 0
-467 -485 0
-476 -485 0
-414 -423 0
-414 -432 0
-414 -441 0
-414 -450 0
-414 -459 0
-414 -468 0
-414 -477 0
-414 -486 0
-423 -432 0
-423 -441 0
-423 -450 0
-423 -459 0
-423 -468 0
-423 -477 0
-423 -486 0
-432 -441 0
-432 -450 0
-432 -459 0
-432 -468 0
-432 -477 0
-432 -486 0
-441 -450 0
-441 -459 0
-441 -468 0
-441 -477 0
-441 -486 0
-450 -459 0
-450 -468 0
-450 -477 0
-450 -486 0
-459 -468 0
-459 -477 0
-459 -486 0
-468 -477 0
-468 -486 0
-477 -486 0
-487 -496 0
-487 -505 0
-487 -514 0
-487 -523 0
-487 -532 0
-487 -541 0
-487 -550 0
-487 -559 0
-496 -505 0
-496 -514 0
-496 -523 0
-496 -532 0
-496 -541 0
-496 -550 0
-496 -559 0
-505 -514 0
-505 -523 0
-505 -532 0
-505 -541 0
-505 -550 0
-505 -559 0
-514 -523 0
-514 -532 0
-514 -541 0
-514 -550 0
-514 -559 0
-523 -532 0
-523 -541 0
-523 -550 0
-523 -559 0
-532 -541 0
-532 -550 0
-532 -559 0
-541 -550 0
-541 -559 0
-550 -559 0
-488 -497 0
-488 -506 0
-488 -515 0
-488 -524 0
-488 -533 0
-488 -542 0
-488 -551 0
-488 -560 0
-497 -506 0
-497 -515 0
-497 -524 0
-497 -533 0
-497 -542 0
-497 -551 0
-497 -560 0
-506 -515 0
-506 -524 0
-506 -533 0
-506 -542 0
-506 -551 0
-506 -560 0
-515 -524 0
-515 -533 0
-515 -542 0
-515 -551 0
-515 -560 0
-524 -533 0
-524 -542 0
-524 -551 0
-524 -560 0
-533 -542 0
-533 -551 0
-533 -560 0
-542 -551 0
-542 -560 0
-551 -560 0
-489 -498 0
-489 -507 0
-489 -516 0
-489 -525 0
-489 -534 0
-489 -543 0
-489 -552 0
-489 -561 0
-498 -507 0
-498 -516 0
-498 -525 0
-498 -534 0
-498 -543 0
-498 -552 0
-498 -561 0
-507 -516 0
-507 -525 0
-507 -534 0
-507 -543 0
-507 -552 0
-507 -561 0
-516 -525 0
-516 -534 0
-516 -543 0
-516 -552 0
-516 -561 0
-525 -534 0
-525 -543 0
-525 -552 0
-525 -561 0
-534 -543 0
-534 -552 0
-534 -561 0
-543 -552 0
-543 -561 0
-552 -561 0
-490 -499 0
-490 -508 0
-490 -517 0
-490 -526 0
-490 -535 0
-490 -544 0
-490 -553 0
-490 -562 0
-499 -508 0
-499 -517 0
-499 -526 0
-499 -535 0
-499 -544 0
-499 -553 0
-499 -562 0
-508 -517 0
-508 -526 0
-508 -535 0
-508 -544 0
-508 -553 0
-508 -562 0
-517 -526 0
-517 -535 0
-517 -544 0
-517 -553 0
-517 -562 0
-526 -535 0
-526 -544 0
-526 -553 0
-526 -562 0
-535 -544 0
-535 -553 0
-535 -562 0
-544 -553 0
-544 -562 0
-553 -562 0
-491 -500 0
-491 -509 0
-491 -518 0
-491 -527 0
-491 -536 0
-491 -545 0
-491 -554 0
-491 -563 0
-500 -509 0
-500 -518 0
-500 -527 0
-500 -536 0
-500 -545 0
-500 -554 0
-500 -563 0
-509 -518 0
-509 -527 0
-509 -536 0
-509 -545 0
-509 -554 0
-509 -563 0
-518 -527 0
-518 -536 0
-518 -545 0
-518 -554 0
-518 -563 0
-527 -536 0
-527 -545 0
-527 -554 0
-527 -563 0
-536 -545 0
-536 -554 0
-536 -563 0
-545 -554 0
-545 -563 0
-554 -563 0
-492 -501 0
-492 -510 0
-492 -519 0
-492 -528 0
-492 -537 0
-492 -546 0
-492 -555 0
-492 -564 0
-501 -510 0
-501 -519 0
-501 -528 0
-501 -537 0
-501 -546 0
-501 -555 0
-501 -564 0
-510 -519 0
-510 -528 0
-510 -537 0
-510 -546 0
-510 -555 0
-510 -564 0
-519 -528 0
-519 -537 0
-519 -546 0
-519 -555 0
-519 -564 0
-528 -537 0
-528 -546 0
-528 -555 0
-528 -564 0
-537 -546 0
-537 -555 0
-537 -564 0
-546 -555 0
-546 -564 0
-555 -564 0
-493 -502 0
-493 -511 0
-493 -520 0
-493 -529 0
-493 -538 0
-493 -547 0
-493 -556 0
-493 -565 0
-502 -511 0
-502 -520 0
-502 -529 0
-502 -538 0
-502 -547 0
-502 -556 0
-502 -565 0
-511 -520 0
-511 -529 0
-511 -538 0
-511 -547 0
-511 -556 0
-511 -565 0
-520 -529 0
-520 -538 0
-520 -547 0
-520 -556 0
-520 -565 0
-529 -538 0
-529 -547 0
-529 -556 0
-529 -565 0
-538 -547 0
-538 -556 0
-538 -565 0
-547 -556 0
-547 -565 0
-556 -565 0
-494 -503 0
-494 -512 0
-494 -521 0
-494 -530 0
-494 -539 0
-494 -548 0
-494 -557 0
-494 -566 0
-503 -512 0
-503 -521 0
-503 -530 0
-503 -539 0
-503 -548 0
-503 -557 0
-503 -566 0
-512 -521 0
-512 -530 0
-512 -539 0
-512 -548 0
-512 -557 0
-512 -566 0
-521 -530 0
-521 -539 0
-521 -548 0
-521 -557 0
-521 -566 0
-530 -539 0
-530 -548 0
-530 -557 0
-530 -566 0
-539 -548 0
-539 -557 0
-539 -566 0
-548 -557 0
-548 -566 0
-557 -566 0
-495 -504 0
-495 -513 0
-495 -522 0
-495 -531 0
-495 -540 0
-495 -549 0
-495 -558 0
-495 -567 0
-504 -513 0
-504 -522 0
-504 -531 0
-504 -540 0
-504 -549 0
-504 -558 0
-504 -567 0
-513 -522 0
-513 -531 0
-513 -540 0
-513 -549 0
-513 -558 0
-513 -567 0
-522 -531 0
-522 -540 0
-522 -549 0
-522 -558 0
-522 -567 0
-531 -540 0
-531 -549 0
-531 -558 0
-531 -567 0
-540 -549 0
-540 -558 0
-540 -567 0
-549 -558 0
-549 -567 0
-558 -567 0
-568 -577 0
-568 -586 0
-568 -595 0
-568 -604 0
-568 -613 0
-568 -622 0
-568 -631 0
-568 -640 0
-577 -586 0
-577 -595 0
-577 -604 0
-577 -613 0
-577 -622 0
-577 -631 0
-577 -640 0
-586 -595 0
-586 -604 0
-586 -613 0
-586 -622 0
-586 -631 0
-586 -640 0
-595 -604 0
-595 -613 0
-595 -622 0
-595 -631 0
-595 -640 0
-604 -613 0
-604 -622 0
-604 -631 0
-604 -640 0
-613 -622 0
-613 -631 0
-613 -640 0
-622 -631 0
-622 -640 0
-631 -640 0
-569 -578 0
-569 -587 0
-569 -596 0
-569 -605 0
-569 -614 0
-569 -623 0
-569 -632 0
-569 -641 0
-578 -587 0
-578 -596 0
-578 -605 0
-578 -614 0
-578 -623 0
-578 -632 0
-578 -641 0
-587 -596 0
-587 -605 0
-587 -614 0
-587 -623 0
-587 -632 0
-587 -641 0
-596 -605 0
-596 -614 0
-596 -623 0
-596 -632 0
-596 -641 0
-605 -614 0
-605 -623 0
-605 -632 0
-605 -641 0
-614 -623 0
-614 -632 0
-614 -641 0
-623 -632 0
-623 -641 0
-632 -641 0
-570 -579 0
-570 -588 0
-570 -597 0
-570 -606 0
-570 -615 0
-570 -624 0
-570 -633 0
-570 -642 0
-579 -588 0
-579 -597 0
-579 -606 0
-579 -615 0
-579 -624 0
-579 -633 0
-579 -642 0
-588 -597 0
-588 -606 0
-588 -615 0
-588 -624 0
-588 -633 0
-588 -642 0
-597 -606 0
-597 -615 0
-597 -624 0
-597 -633 0
-597 -642 0
-606 -615 0
-606 -624 0
-606 -633 0
-606 -642 0
-615 -624 0
-615 -633 0
-615 -642 0
-624 -633 0
-624 -642 0
-633 -642 0
-571 -580 0
-571 -589 0
-571 -598 0
-571 -607 0
-571 -616 0
-571 -625 0
-571 -634 0
-571 -643 0
-580 -589 0
-580 -598 0
-580 -607 0
-580 -616 0
-580 -625 0
-580 -634 0
-580 -643 0
-589 -598 0
-589 -607 0
-589 -616 0
-589 -625 0
-589 -634 0
-589 -643 0
-598 -607 0
-598 -616 0
-598 -625 0
-598 -634 0
-598 -643 0
-607 -616 0
-607 -625 0
-607 -634 0
-607 -643 0
-616 -625 0
-616 -634 0
-616 -643 0
-625 -634 0
-625 -643 0
-634 -643 0
-572 -581 0
-572 -590 0
-572 -599 0
-572 -608 0
-572 -617 0
-572 -626 0
-572 -635 0
-572 -644 0
-581 -590 0
-581 -599 0
-581 -608 0
-581 -617 0
-581 -626 0
-581 -635 0
-581 -644 0
-590 -599 0
-590 -608 0
-590 -617 0
-590 -626 0
-590 -635 0
-590 -644 0
-599 -608 0
-599 -617 0
-599 -626 0
-599 -635 0
-599 -644 0
-608 -617 0
-608 -626 0
-608 -635 0
-608 -644 0
-617 -626 0
-617 -635 0
-617 -644 0
-626 -635 0
-626 -644 0
-635 -644 0
-573 -582 0
-573 -591 0
-573 -600 0
-573 -609 0
-573 -618 0
-573 -627 0
-573 -636 0
-573 -645 0
-582 -591 0
-582 -600 0
-582 -609 0
-582 -618 0
-582 -627 0
-582 -636 0
-582 -645 0
-591 -600 0
-591 -609 0
-591 -618 0
-591 -627 0
-591 -636 0
-591 -645 0
-600 -609 0
-600 -618 0
-600 -627 0
-600 -636 0
-600 -645 0
-609 -618 0
-609 -627 0
-609 -636 0
-609 -645 0
-618 -627 0
-618 -636 0
-618 -645 0
-627 -636 0
-627 -645 0
-636 -645 0
-574 -583 0
-574 -592 0
-574 -601 0
-574 -610 0
-574 -619 0
-574 -628 0
-574 -637 0
-574 -646 0
-583 -592 0
-583 -601 0
-583 -610 0
-583 -619 0
-583 -628 0
-583 -637 0
-583 -646 0
-592 -601 0
-592 -610 0
-592 -619 0
-592 -628 0
-592 -637 0
-592 -646 0
-601 -610 0
-601 -619 0
-601 -628 0
-601 -637 0
-601 -646 0
-610 -619 0
-610 -628 0
-610 -637 0
-610 -646 0
-619 -628 0
-619 -637 0
-619 -646 0
-628 -637 0
-628 -646 0
-637 -646 0
-575 -584 0
-575 -593 0
-575 -602 0
-575 -611 0
-575 -620 0
-575 -629 0
-575 -638 0
-575 -647 0
-584 -593 0
-584 -602 0
-584 -611 0
-584 -620 0
-584 -629 0
-584 -638 0
-584 -647 0
-593 -602 0
-593 -611 0
-593 -620 0
-593 -629 0
-593 -638 0
-593 -647 0
-602 -611 0
-602 -620 0
-602 -629 0
-602 -638 0
-602 -647 0
-611 -620 0
-611 -629 0
-611 -638 0
-611 -647 0
-620 -629 0
-620 -638 0
-620 -647 0
-629 -638 0
-629 -647 0
-638 -647 0
-576 -585 0
-576 -594 0
-576 -603 0
-576 -612 0
-576 -621 0
-576 -630 0
-576 -639 0
-576 -648 0
-585 -594 0
-585 -603 0
-585 -612 0
-585 -621 0
-585 -630 0
-585 -639 0
-585 -648 0
-594 -603 0
-594 -612 0
-594 -621 0
-594 -630 0
-594 -639 0
-594 -648 0
-603 -612 0
-603 -621 0
-603 -630 0
-603 -639 0
-603 -648 0
-612 -621 0
-612 -630 0
-612 -639 0
-612 -648 0
-621 -630 0
-621 -639 0
-621 -648 0
-630 -639 0
-630 -648 0
-639 -648 0
-649 -658 0
-649 -667 0
-649 -676 0
-649 -685 0
-649 -694 0
-649 -703 0
-649 -712 0
-649 -721 0
-658 -667 0
-658 -676 0
-658 -685 0
-658 -694 0
-658 -703 0
-658 -712 0
-658 -721 0
-667 -676 0
-667 -685 0
-667 -694 0
-667 -703 0
-667 -712 0
-667 -721 0
-676 -685 0
-676 -694 0
-676 -703 0
-676 -712 0
-676 -721 0
-685 -694 0
-685 -703 0
-685 -712 0
-685 -721 0
-694 -703 0
-694 -712 0
-694 -721 0
-703 -712 0
-703 -721 0
-712 -721 0
-650 -659 0
-650 -668 0
-650 -677 0
-650 -686 0
-650 -695 0
-650 -704 0
-650 -713 0
-650 -722 0
-659 -668 0
-659 -677 0
-659 -686 0
-659 -695 0
-659 -704 0
-659 -713 0
-659 -722 0
-668 -677 0
-668 -686 0
-668 -695 0
-668 -704 0
-668 -713 0
-668 -722 0
-677 -686 0
-677 -695 0
-677 -704 0
-677 -713 0
-677 -722 0
-686 -695 0
-686 -704 0
-686 -713 0
-686 -722 0
-695 -704 0
-695 -713 0
-695 -722 0
-704 -713 0
-704 -722 0
-713 -722 0
-651 -660 0
-651 -669 0
-651 -678 0
-651 -687 0
-651 -696 0
-651 -705 0
-651 -714 0
-651 -723 0
-660 -669 0
-660 -678 0
-660 -687 0
-660 -696 0
-660 -705 0
-660 -714 0
-660 -723 0
-669 -678 0
-669 -687 0
-669 -696 0
-669 -705 0
-669 -714 0
-669 -723 0
-678 -687 0
-678 -696 0
-678 -705 0
-678 -714 0
-678 -723 0
-687 -696 0
-687 -705 0
-687 -714 0
-687 -723 0
-696 -705 0
-696 -714 0
-696 -723 0
-705 -714 0
-705 -723 0
-714 -723 0
-652 -661 0
-652 -670 0
-652 -679 0
-652 -688 0
-652 -697 0
-652 -706 0
-652 -715 0
-652 -724 0
-661 -670 0
-661 -679 0
-661 -688 0
-661 -697 0
-661 -706 0
-661 -715 0
-661 -724 0
-670 -679 0
-670 -688 0
-670 -697 0
-670 -706 0
-670 -715 0
-670 -724 0
-679 -688 0
-679 -697 0
-679 -706 0
-679 -715 0
-679 -724 0
-688 -697 0
-688 -706 0
-688 -715 0
-688 -724 0
-697 -706 0
-697 -715 0
-697 -724 0
-706 -715 0
-706 -724 0
-715 -724 0
-653 -662 0
-653 -671 0
-653 -680 0
-653 -689 0
-653 -698 0
-653 -707 0
-653 -716 0
-653 -725 0
-662 -671 0
-662 -680 0
-662 -689 0
-662 -698 0
-662 -707 0
-662 -716 0
-662 -725 0
-671 -680 0
-671 -689 0
-671 -698 0
-671 -707 0
-671 -716 0
-671 -725 0
-680 -689 0
-680 -698 0
-680 -707 0
-680 -716 0
-680 -725 0
-689 -698 0
-689 -707 0
-689 -716 0
-689 -725 0
-698 -707 0
-698 -716 0
-698 -725 0
-707 -716 0
-707 -725 0
-716 -725 0
-654 -663 0
-654 -672 0
-654 -681 0
-654 -690 0
-654 -699 0
-654 -708 0
-654 -717 0
-654 -726 0
-663 -672 0
-663 -681 0
-663 -690 0
-663 -699 0
-663 -708 0
-663 -717 0
-663 -726 0
-672 -681 0
-672 -690 0
-672 -699 0
-672 -708 0
-672 -717 0
-672 -726 0
-681 -690 0
-681 -699 0
-681 -708 0
-681 -717 0
-681 -726 0
-690 -699 0
-690 -708 0
-690 -717 0
-690 -726 0
-699 -708 0
-699 -717 0
-699 -726 0
-708 -717 0
-708 -726 0
-717 -726 0
-655 -664 0
-655 -673 0
-655 -682 0
-655 -691 0
-655 -700 0
-655 -709 0
-655 -718 0
-655 -727 0
-664 -673 0
-664 -682 0
-664 -691 0
-664 -700 0
-664 -709 0
-664 -718 0
-664 -727 0
-673 -682 0
-673 -691 0
-673 -700 0
-673 -709 0
-673 -718 0
-673 -727 0
-682 -691 0
-682 -700 0
-682 -709 0
-682 -718 0
-682 -727 0
-691 -700 0
-691 -709 0
-691 -718 0
-691 -727 0
-700 -709 0
-700 -718 0
-700 -727 0
-709 -718 0
-709 -727 0
-718 -727 0
-656 -665 0
-656 -674 0
-656 -683 0
-656 -692 0
-656 -701 0
-656 -710 0
-656 -719 0
-656 -728 0
-665 -674 0
-665 -683 0
-665 -692 0
-665 -701 0
-665 -710 0
-665 -719 0
-665 -728 0
-674 -683 0
-674 -692 0
-674 -701 0
-674 -710 0
-674 -719 0
-674 -728 0
-683 -692 0
-683 -701 0
-683 -710 0
-683 -719 0
-683 -728 0
-692 -701 0
-692 -710 0
-692 -719 0
-692 -728 0
-701 -710 0
-701 -719 0
-701 -728 0
-710 -719 0
-710 -728 0
-719 -728 0
-657 -666 0
-657 -675 0
-657 -684 0
-657 -693 0
-657 -702 0
-657 -711 0
-657 -720 0
-657 -729 0
-666 -675 0
-666 -684 0
-666 -693 0
-666 -702 0
-666 -711 0
-666 -720 0
-666 -729 0
-675 -684 0
-675 -693 0
-675 -702 0
-675 -711 0
-675 -720 0
-675 -729 0
-684 -693 0
-684 -702 0
-684 -711 0
-684 -720 0
-684 -729 0
-693 -702 0
-693 -711 0
-693 -720 0
-693 -729 0
-702 -711 0
-702 -720 0
-702 -729 0
-711 -720 0
-711 -729 0
-720 -729 0
-1 -82 0
-1 -163 0
-1 -244 0
-1 -325 0
-1 -406 0
-1 -487 0
-1 -568 0
-1 -649 0
-82 -82 0
-82 -163 0
-82 -244 0
-82 -325 0
-82 -406 0
-82 -487 0
-82 -568 0
-82 -649 0
-163 -82 0
-163 -163 0
-163 -244 0
-163 -325 0
-163 -406 0
-163 -487 0
-163 -568 0
-163 -649 0
-244 -82 0
-244 -163 0
-244 -244 0
-244 -325 0
-244 -406 0
-244 -487 0
-244 -568 0
-244 -649 0
-325 -82 0
-325 -163 0
-325 -244 0
-325 -325 0
-325 -406 0
-325 -487 0
-325 -568 0
-325 -649 0
-406 -82 0
-406 -163 0
-406 -244 0
-406 -325 0
-406 -406 0
-406 -487 0
-406 -568 0
-406 -649 0
-487 -82 0
-487 -163 0
-487 -244 0
-487 -325 0
-487 -406 0
-487 -487 0
-487 -568 0
-487 -649 0
-568 -82 0
-568 -163 0
-568 -244 0
-568 -325 0
-568 -406 0
-568 -487 0
-568 -568 0
-568 -649 0
-2 -83 0
-2 -164 0
-2 -245 0
-2 -326 0
-2 -407 0
-2 -488 0
-2 -569 0
-2 -650 0
-83 -83 0
-83 -164 0
-83 -245 0
-83 -326 0
-83 -407 0
-83 -488 0
-83 -569 0
-83 -650 0
-164 -83 0
-164 -164 0
-164 -245 0
-164 -326 0
-164 -407 0
-164 -488 0
-164 -569 0
-164 -650 0
-245 -83 0
-245 -164 0
-245 -245 0
-245 -326 0
-245 -407 0
-245 -488 0
-245 -569 0
-245 -650 0
-326 -83 0
-326 -164 0
-326 -245 0
-326 -326 0
-326 -407 0
-326 -488 0
-326 -569 0
-326 -650 0
-407 -83 0
-407 -164 0
-407 -245 0
-407 -326 0
-407 -407 0
-407 -488 0
-407 -569 0
-407 -650 0
-488 -83 0
-488 -164 0
-488 -245 0
-488 -326 0
-488 -407 0
-488 -488 0
-488 -569 0
-488 -650 0
-569 -83 0
-569 -164 0
-569 -245 0
-569 -326 0
-569 -407 0
-569 -488 0
-569 -569 0
-569 -650 0
-3 -84 0
-3 -165 0
-3 -246 0
-3 -327 0
-3 -408 0
-3 -489 0
-3 -570 0
-3 -651 0
-84 -84 0
-84 -165 0
-84 -246 0
-84 -327 0
-84 -408 0
-84 -489 0
-84 -570 0
-84 -651 0
-165 -84 0
-165 -165 0
-165 -246 0
-165 -327 0
-165 -408 0
-165 -489 0
-165 -570 0
-165 -651 0
-246 -84 0
-246 -165 0
-246 -246 0
-246 -327 0
-246 -408 0
-246 -489 0
-246 -570 0
-246 -651 0
-327 -84 0
-327 -165 0
-327 -246 0
-327 -327 0
-327 -408 0
-327 -489 0
-327 -570 0
-327 -651 0
-408 -84 0
-408 -165 0
-408 -246 0
-408 -327 0
-408 -408 0
-408 -489 0
-408 -570 0
-408 -651 0
-489 -84 0
-489 -165 0
-489 -246 0
-489 -327 0
-489 -408 0
-489 -489 0
-489 -570 0
-489 -651 0
-570 -84 0
-570 -165 0
-570 -246 0
-570 -327 0
-570 -408 0
-570 -489 0
-570 -570 0
-570 -651 0
-4 -85 0
-4 -166 0
-4 -247 0
-4 -328 0
-4 -409 0
-4 -490 0
-4 -571 0
-4 -652 0
-85 -85 0
-85 -166 0
-85 -247 0
-85 -328 0
-85 -409 0
-85 -490 0
-85 -571 0
-85 -652 0
-166 -85 0
-166 -166 0
-166 -247 0
-166 -328 0
-166 -409 0
-166 -490 0
-166 -571 0
-166 -652 0
-247 -85 0
-247 -166 0
-247 -247 0
-247 -328 0
-247 -409 0
-247 -490 0
-247 -571 0
-247 -652 0
-328 -85 0
-328 -166 0
-328 -247 0
-328 -328 0
-328 -409 0
-328 -490 0
-328 -571 0
-328 -652 0
-409 -85 0
-409 -166 0
-409 -247 0
-409 -328 0
-409 -409 0
-409 -490 0
-409 -571 0
-409 -652 0
-490 -85 0
-490 -166 0
-490 -247 0
-490 -328 0
-490 -409 0
-490 -490 0
-490 -571 0
-490 -652 0
-571 -85 0
-571 -166 0
-571 -247 0
-571 -328 0
-571 -409 0
-571 -490 0
-571 -571 0
-571 -652 0
-5 -86 0
-5 -167 0
-5 -248 0
-5 -329 0
-5 -410 0
-5 -491 0
-5 -572 0
-5 -653 0
-86 -86 0
-86 -167 0
-86 -248 0
-86 -329 0
-86 -410 0
-86 -491 0
-86 -572 0
-86 -653 0
-167 -86 0
-167 -167 0
-167 -248 0
-167 -329 0
-167 -410 0
-167 -491 0
-167 -572 0
-167 -653 0
-248 -86 0
-248 -167 0
-248 -248 0
-248 -329 0
-248 -410 0
-248 -491 0
-248 -572 0
-248 -653 0
-329 -86 0
-329 -167 0
-329 -248 0
-329 -329 0
-329 -410 0
-329 -491 0
-329 -572 0
-329 -653 0
-410 -86 0
-410 -167 0
-410 -248 0
-410 -329 0
-410 -410 0
-410 -491 0
-410 -572 0
-410 -653 0
-491 -86 0
-491 -167 0
-491 -248 0
-491 -329 0
-491 -410 0
-491 -491 0
-491 -572 0
-491 -653 0
-572 -86 0
-572 -167 0
-572 -248 0
-572 -329 0
-572 -410 0
-572 -491 0
-572 -572 0
-572 -653 0
-6 -87 0
-6 -168 0
-6 -249 0
-6 -330 0
-6 -411 0
-6 -492 0
-6 -573 0
-6 -654 0
-87 -87 0
-87 -168 0
-87 -249 0
-87 -330 0
-87 -411 0
-87 -492 0
-87 -573 0
-87 -654 0
-168 -87 0
-168 -168 0
-168 -249 0
-168 -330 0
-168 -411 0
-168 -492 0
-168 -573 0
-168 -654 0
-249 -87 0
-249 -168 0
-249 -249 0
-249 -330 0
-249 -411 0
-249 -492 0
-249 -573 0
-249 -654 0
-330 -87 0
-330 -168 0
-330 -249 0
-330 -330 0
-330 -411 0
-330 -492 0
-330 -573 0
-330 -654 0
-411 -87 0
-411 -168 0
-411 -249 0
-411 -330 0
-411 -411 0
-411 -492 0
-411 -573 0
-411 -654 0
-492 -87 0
-492 -168 0
-492 -249 0
-492 -330 0
-492 -411 0
-492 -492 0
-492 -573 0
-492 -654 0
-573 -87 0
-573 -168 0
-573 -249 0
-573 -330 0
-573 -411 0
-573 -492 0
-573 -573 0
-573 -654 0
-7 -88 0
-7 -169 0
-7 -250 0
-7 -331 0
-7 -412 0
-7 -493 0
-7 -574 0
-7 -655 0
-88 -88 0
-88 -169 0
-88 -250 0
-88 -331 0
-88 -412 0
-88 -493 0
-88 -574 0
-88 -655 0
-169 -88 0
-169 -169 0
-169 -250 0
-169 -331 0
-169 -412 0
-169 -493 0
-169 -574 0
-169 -655 0
-250 -88 0
-250 -169 0
-250 -250 0
-250 -331 0
-250 -412 0
-250 -493 0
-250 -574 0
-250 -655 0
-331 -88 0
-331 -169 0
-331 -250 0
-331 -331 0
-331 -412 0
-331 -493 0
-331 -574 0
-331 -655 0
-412 -88 0
-412 -169 0
-412 -250 0
-412 -331 0
-412 -412 0
-412 -493 0
-412 -574 0
-412 -655 0
-493 -88 0
-493 -169 0
-493 -250 0
-493 -331 0
-493 -412 0
-493 -493 0
-493 -574 0
-493 -655 0
-574 -88 0
-574 -169 0
-574 -250 0
-574 -331 0
-574 -412 0
-574 -493 0
-574 -574 0
-574 -655 0
-8 -89 0
-8 -170 0
-8 -251 0
-8 -332 0
-8 -413 0
-8 -494 0
-8 -575 0
-8 -656 0
-89 -89 0
-89 -170 0
-89 -251 0
-89 -332 0
-89 -413 0
-89 -494 0
-89 -575 0
-89 -656 0
-170 -89 0
-170 -170 0
-170 -251 0
-170 -332 0
-170 -413 0
-170 -494 0
-170 -575 0
-170 -656 0
-251 -89 0
-251 -170 0
-251 -251 0
-251 -332 0
-251 -413 0
-251 -494 0
-251 -575 0
-251 -656 0
-332 -89 0
-332 -170 0
-332 -251 0
-332 -332 0
-332 -413 0
-332 -494 0
-332 -575 0
-332 -656 0
-413 -89 0
-413 -170 0
-413 -251 0
-413 -332 0
-413 -413 0
-413 -494 0
-413 -575 0
-413 -656 0
-494 -89 0
-494 -170 0
-494 -251 0
-494 -332 0
-494 -413 0
-494 -494 0
-494 -575 0
-494 -656 0
-575 -89 0
-575 -170 0
-575 -251 0
-575 -332 0
-575 -413 0
-575 -494 0
-575 -575 0
-575 -656 0
-9 -90 0
-9 -171 0
-9 -252 0
-9 -333 0
-9 -414 0
-9 -495 0
-9 -576 0
-9 -657 0
-90 -90 0
-90 -171 0
-90 -252 0
-90 -333 0
-90 -414 0
-90 -495 0
-90 -576 0
-90 -657 0
-171 -90 0
-171 -171 0
-171 -252 0
-171 -333 0
-171 -414 0
-171 -495 0
-171 -576 0
-171 -657 0
-252 -90 0
-252 -171 0
-252 -252 0
-252 -333 0
-252 -414 0
-252 -495 0
-252 -576 0
-252 -657 0
-333 -90 0
-333 -171 0
-333 -252 0
-333 -333 0
-333 -414 0
-333 -495 0
-333 -576 0
-333 -657 0
-414 -90 0
-414 -171 0
-414 -252 0
-414 -333 0
-414 -414 0
-414 -495 0
-414 -576 0
-414 -657 0
-495 -90 0
-495 -171 0
-495 -252 0
-495 -333 0
-495 -414 0
-495 -495 0
-495 -576 0
-495 -657 0
-576 -90 0
-576 -171 0
-576 -252 0
-576 -333 0
-576 -414 0
-576 -495 0
-576 -576 0
-576 -657 0
-10 -172 0
-10 -253 0
-10 -334 0
-10 -415 0
-10 -496 0
-10 -577 0
-10 -658 0
-91 -172 0
-91 -253 0
-91 -334 0
-91 -415 0
-91 -496 0
-91 -577 0
-91 -658 0
-172 -172 0
-172 -253 0
-172 -334 0
-172 -415 0
-172 -496 0
-172 -577 0
-172 -658 0
-253 -172 0
-253 -253 0
-253 -334 0
-253 -415 0
-253 -496 0
-253 -577 0
-253 -658 0
-334 -172 0
-334 -253 0
-334 -334 0
-334 -415 0
-334 -496 0
-334 -577 0
-334 -658 0
-415 -172 0
-415 -253 0
-415 -334 0
-415 -415 0
-415 -496 0
-415 -577 0
-415 -658 0
-496 -172 0
-496 -253 0
-496 -334 0
-496 -415 0
-496 -496 0
-496 -577 0
-496 -658 0
-577 -172 0
-577 -253 0
-577 -334 0
-577 -415 0
-577 -496 0
-577 -577 0
-577 -658 0
-11 -173 0
-11 -254 0
-11 -335 0
-11 -416 0
-11 -497 0
-11 -578 0
-11 -659 0
-92 -173 0
-92 -254 0
-92 -335 0
-92 -416 0
-92 -497 0
-92 -578 0
-92 -659 0
-173 -173 0
-173 -254 0
-173 -335 0
-173 -416 0
-173 -497 0
-173 -578 0
-173 -659 0
-254 -173 0
-254 -254 0
-254 -335 0
-254 -416 0
-254 -497 0
-254 -578 0
-254 -659 0
-335 -173 0
-335 -254 0
-335 -335 0
-335 -416 0
-335 -497 0
-335 -578 0
-335 -659 0
-416 -173 0
-416 -254 0
-416 -335 0
-416 -416 0
-416 -497 0
-416 -578 0
-416 -659 0
-497 -173 0
-497 -254 0
-497 -335 0
-497 -416 0
-497 -497 0
-497 -578 0
-497 -659 0
-578 -173 0
-578 -254 0
-578 -335 0
-578 -416 0
-578 -497 0
-578 -578 0
-578 -659 0
-12 -174 0
-12 -255 0
-12 -336 0
-12 -417 0
-12 -498 0
-12 -579 0
-12 -660 0
-93 -174 0
-93 -255 0
-93 -336 0
-93 -417 0
-93 -498 0
-93 -579 0
-93 -660 0
-174 -174 0
-174 -255 0
-174 -336 0
-174 -417 0
-174 -498 0
-174 -579 0
-174 -660 0
-255 -174 0
-255 -255 0
-255 -336 0
-255 -417 0
-255 -498 0
-255 -579 0
-255 -660 0
-336 -174 0
-336 -255 0
-336 -336 0
-336 -417 0
-336 -498 0
-336 -579 0
-336 -660 0
-417 -174 0
-417 -255 0
-417 -336 0
-417 -417 0
-417 -498 0
-417 -579 0
-417 -660 0
-498 -174 0
-498 -255 0
-498 -336 0
-498 -417 0
-498 -498 0
-498 -579 0
-498 -660 0
-579 -174 0
-579 -255 0
-579 -336 0
-579 -417 0
-579 -498 0
-579 -579 0
-579 -660 0
-13 -175 0
-13 -256 0
-13 -337 0
-13 -418 0
-13 -499 0
-13 -580 0
-13 -661 0
-94 -175 0
-94 -256 0
-94 -337 0
-94 -418 0
-94 -499 0
-94 -580 0
-94 -661 0
-175 -175 0
-175 -256 0
-175 -337 0
-175 -418 0
-175 -499 0
-175 -580 0
-175 -661 0
-256 -175 0
-256 -256 0
-256 -337 0
-256 -418 0
-256 -499 0
-256 -580 0
-256 -661 0
-337 -175 0
-337 -256 0
-337 -337 0
-337 -418 0
-337 -499 0
-337 -580 0
-337 -661 0
-418 -175 0
-418 -256 0
-418 -337 0
-418 -418 0
-418 -499 0
-418 -580 0
-418 -661 0
-499 -175 0
-499 -256 0
-499 -337 0
-499 -418 0
-499 -499 0
-499 -580 0
-499 -661 0
-580 -175 0
-580 -256 0
-580 -337 0
-580 -418 0
-580 -499 0
-580 -580 0
-580 -661 0
-14 -176 0
-14 -257 0
-14 -338 0
-14 -419 0
-14 -500 0
-14 -581 0
-14 -662 0
-95 -176 0
-95 -257 0
-95 -338 0
-95 -419 0
-95 -500 0
-95 -581 0
-95 -662 0
-176 -176 0
-176 -257 0
-176 -338 0
-176 -419 0
-176 -500 0
-176 -581 0
-176 -662 0
-257 -176 0
-257 -257 0
-257 -338 0
-257 -419 0
-257 -500 0
-257 -581 0
-257 -662 0
-338 -176 0
-338 -257 0
-338 -338 0
-338 -419 0
-338 -500 0
-338 -581 0
-338 -662 0
-419 -176 0
-419 -257 0
-419 -338 0
-419 -419 0
-419 -500 0
-419 -581 0
-419 -662 0
-500 -176 0
-500 -257 0
-500 -338 0
-500 -419 0
-500 -500 0
-500 -581 0
-500 -662 0
-581 -176 0
-581 -257 0
-581 -338 0
-581 -419 0
-581 -500 0
-581 -581 0
-581 -662 0
-15 -177 0
-15 -258 0
-15 -339 0
-15 -420 0
-15 -501 0
-15 -582 0
-15 -663 0
-96 -177 0
-96 -258 0
-96 -339 0
-96 -420 0
-96 -501 0
-96 -582 0
-96 -663 0
-177 -177 0
-177 -258 0
-177 -339 0
-177 -420 0
-177 -501 0
-177 -582 0
-177 -663 0
-258 -177 0
-258 -258 0
-258 -339 0
-258 -420 0
-258 -501 0
-258 -582 0
-258 -663 0
-339 -177 0
-339 -258 0
-339 -339 0
-339 -420 0
-339 -501 0
-339 -582 0
-339 -663 0
-420 -177 0
-420 -258 0
-420 -339 0
-420 -420 0
-420 -501 0
-420 -582 0
-420 -663 0
-501 -177 0
-501 -258 0
-501 -339 0
-501 -420 0
-501 -501 0
-501 -582 0
-501 -663 0
-582 -177 0
-582 -258 0
-582 -339 0
-582 -420 0
-582 -501 0
-582 -582 0
-582 -663 0
-16 -178 0
-16 -259 0
-16 -340 0
-16 -421 0
-16 -502 0
-16 -583 0
-16 -664 0
-97 -178 0
-97 -259 0
-97 -340 0
-97 -421 0
-97 -502 0
-97 -583 0
-97 -664 0
-178 -178 0
-178 -259 0
-178 -340 0
-178 -421 0
-178 -502 0
-178 -583 0
-178 -664 0
-259 -178 0
-259 -259 0
-259 -340 0
-259 -421 0
-259 -502 0
-259 -583 0
-259 -664 0
-340 -178 0
-340 -259 0
-340 -340 0
-340 -421 0
-340 -502 0
-340 -583 0
-340 -664 0
-421 -178 0
-421 -259 0
-421 -340 0
-421 -421 0
-421 -502 0
-421 -583 0
-421 -664 0
-502 -178 0
-502 -259 0
-502 -340 0
-502 -421 0
-502 -502 0
-502 -583 0
-502 -664 0
-583 -178 0
-583 -259 0
-583 -340 0
-583 -421 0
-583 -502 0
-583 -583 0
-583 -664 0
-17 -179 0
-17 -260 0
-17 -341 0
-17 -422 0
-17 -503 0
-17 -584 0
-17 -665 0
-98 -179 0
-98 -260 0
-98 -341 0
-98 -422 0
-98 -503 0
-98 -584 0
-98 -665 0
-179 -179 0
-179 -260 0
-179 -341 0
-179 -422 0
-179 -503 0
-179 -584 0
-179 -665 0
-260 -179 0
-260 -260 0
-260 -341 0
-260 -422 0
-260 -503 0
-260 -584 0
-260 -665 0
-341 -179 0
-341 -260 0
-341 -341 0
-341 -422 0
-341 -503 0
-341 -584 0
-341 -665 0
-422 -179 0
-422 -260 0
-422 -341 0
-422 -422 0
-422 -503 0
-422 -584 0
-422 -665 0
-503 -179 0
-503 -260 0
-503 -341 0
-503 -422 0
-503 -503 0
-503 -584 0
-503 -665 0
-584 -179 0
-584 -260 0
-584 -341 0
-584 -422 0
-584 -503 0
-584 -584 0
-584 -665 0
-18 -180 0
-18 -261 0
-18 -342 0
-18 -423 0
-18 -504 0
-18 -585 0
-18 -666 0
-99 -180 0
-99 -261 0
-99 -342 0
-99 -423 0
-99 -504 0
-99 -585 0
-99 -666 0
-180 -180 0
-180 -261 0
-180 -342 0
-180 -423 0
-180 -504 0
-180 -585 0
-180 -666 0
-261 -180 0
-261 -261 0
-261 -342 0
-261 -423 0
-261 -504 0
-261 -585 0
-261 -666 0
-342 -180 0
-342 -261 0
-342 -342 0
-342 -423 0
-342 -504 0
-342 -585 0
-342 -666 0
-423 -180 0
-423 -261 0
-423 -342 0
-423 -423 0
-423 -504 0
-423 -585 0
-423 -666 0
-504 -180 0
-504 -261 0
-504 -342 0
-504 -423 0
-504 -504 0
-504 -585 0
-504 -666 0
-585 -180 0
-585 -261 0
-585 -342 0
-585 -423 0
-585 -504 0
-585 -585 0
-585 -666 0
-19 -262 0
-19 -343 0
-19 -424 0
-19 -505 0
-19 -586 0
-19 -667 0
-100 -262 0
-100 -343 0
-100 -424 0
-100 -505 0
-100 -586 0
-100 -667 0
-181 -262 0
-181 -343 0
-181 -424 0
-181 -505 0
-181 -586 0
-181 -667 0
-262 -262 0
-262 -343 0
-262 -424 0
-262 -505 0
-262 -586 0
-262 -667 0
-343 -262 0
-343 -343 0
-343 -424 0
-343 -505 0
-343 -586 0
-343 -667 0
-424 -262 0
-424 -343 0
-424 -424 0
-424 -505 0
-424 -586 0
-424 -667 0
-505 -262 0
-505 -343 0
-505 -424 0
-505 -505 0
-505 -586 0
-505 -667 0
-586 -262 0
-586 -343 0
-586 -424 0
-586 -505 0
-586 -586 0
-586 -667 0
-20 -263 0
-20 -344 0
-20 -425 0
-20 -506 0
-20 -587 0
-20 -668 0
-101 -263 0
-101 -344 0
-101 -425 0
-101 -506 0
-101 -587 0
-101 -668 0
-182 -263 0
-182 -344 0
-182 -425 0
-182 -506 0
-182 -587 0
-182 -668 0
-263 -263 0
-263 -344 0
-263 -425 0
-263 -506 0
-263 -587 0
-263 -668 0
-344 -263 0
-344 -344 0
-344 -425 0
-344 -506 0
-344 -587 0
-344 -668 0
-425 -263 0
-425 -344 0
-425 -425 0
-425 -506 0
-425 -587 0
-425 -668 0
-506 -263 0
-506 -344 0
-506 -425 0
-506 -506 0
-506 -587 0
-506 -668 0
-587 -263 0
-587 -344 0
-587 -425 0
-587 -506 0
-587 -587 0
-587 -668 0
-21 -264 0
-21 -345 0
-21 -426 0
-21 -507 0
-21 -588 0
-21 -669 0
-102 -264 0
-102 -345 0
-102 -426 0
-102 -507 0
-102 -588 0
-102 -669 0
-183 -264 0
-183 -345 0
-183 -426 0
-183 -507 0
-183 -588 0
-183 -669 0
-264 -264 0
-264 -345 0
-264 -426 0
-264 -507 0
-264 -588 0
-264 -669 0
-345 -264 0
-345 -345 0
-345 -426 0
-345 -507 0
-345 -588 0
-345 -669 0
-426 -264 0
-426 -345 0
-426 -426 0
-426 -507 0
-426 -588 0
-426 -669 0
-507 -264 0
-507 -345 0
-507 -426 0
-507 -507 0
-507 -588 0
-507 -669 0
-588 -264 0
-588 -345 0
-588 -426 0
-588 -507 0
-588 -588 0
-588 -669 0
-22 -265 0
-22 -346 0
-22 -427 0
-22 -508 0
-22 -589 0
-22 -670 0
-103 -265 0
-103 -346 0
-103 -427 0
-103 -508 0
-103 -589 0
-103 -670 0
-184 -265 0
-184 -346 0
-184 -427 0
-184 -508 0
-184 -589 0
-184 -670 0
-265 -265 0
-265 -346 0
-265 -427 0
-265 -508 0
-265 -589 0
-265 -670 0
-346 -265 0
-346 -346 0
-346 -427 0
-346 -508 0
-346 -589 0
-346 -670 0
-427 -265 0
-427 -346 0
-427 -427 0
-427 -508 0
-427 -589 0
-427 -670 0
-508 -265 0
-508 -346 0
-508 -427 0
-508 -508 0
-508 -589 0
-508 -670 0
-589 -265 0
-589 -346 0
-589 -427 0
-589 -508 0
-589 -589 0
-589 -670 0
-23 -266 0
-23 -347 0
-23 -428 0
-23 -509 0
-23 -590 0
-23 -671 0
-104 -266 0
-104 -347 0
-104 -428 0
-104 -509 0
-104 -590 0
-104 -671 0
-185 -266 0
-185 -347 0
-185 -428 0
-185 -509 0
-185 -590 0
-185 -671 0
-266 -266 0
-266 -347 0
-266 -428 0
-266 -509 0
-266 -590 0
-266 -671 0
-347 -266 0
-347 -347 0
-347 -428 0
-347 -509 0
-347 -590 0
-347 -671 0
-428 -266 0
-428 -347 0
-428 -428 0
-428 -509 0
-428 -590 0
-428 -671 0
-509 -266 0
-509 -347 0
-509 -428 0
-509 -509 0
-509 -590 0
-509 -671 0
-590 -266 0
-590 -347 0
-590 -428 0
-590 -509 0
-590 -590 0
-590 -671 0
-24 -267 0
-24 -348 0
-24 -429 0
-24 -510 0
-24 -591 0
-24 -672 0
-105 -267 0
-105 -348 0
-105 -429 0
-105 -510 0
-105 -591 0
-105 -672 0
-186 -267 0
-186 -348 0
-186 -429 0
-186 -510 0
-186 -591 0
-186 -672 0
-267 -267 0
-267 -348 0
-267 -429 0
-267 -510 0
-267 -591 0
-267 -672 0
-348 -267 0
-348 -348 0
-348 -429 0
-348 -510 0
-348 -591 0
-348 -672 0
-429 -267 0
-429 -348 0
-429 -429 0
-429 -510 0
-429 -591 0
-429 -672 0
-510 -267 0
-510 -348 0
-510 -429 0
-510 -510 0
-510 -591 0
-510 -672 0
-591 -267 0
-591 -348 0
-591 -429 0
-591 -510 0
-591 -591 0
-591 -672 0
-25 -268 0
-25 -349 0
-25 -430 0
-25 -511 0
-25 -592 0
-25 -673 0
-106 -268 0
-106 -349 0
-106 -430 0
-106 -511 0
-106 -592 0
-106 -673 0
-187 -268 0
-187 -349 0
-187 -430 0
-187 -511 0
-187 -592 0
-187 -673 0
-268 -268 0
-268 -349 0
-268 -430 0
-268 -511 0
-268 -592 0
-268 -673 0
-349 -268 0
-349 -349 0
-349 -430 0
-349 -511 0
-349 -592 0
-349 -673 0
-430 -268 0
-430 -349 0
-430 -430 0
-430 -511 0
-430 -592 0
-430 -673 0
-511 -268 0
-511 -349 0
-511 -430 0
-511 -511 0
-511 -592 0
-511 -673 0
-592 -268 0
-592 -349 0
-592 -430 0
-592 -511 0
-592 -592 0
-592 -673 0
-26 -269 0
-26 -350 0
-26 -431 0
-26 -512 0
-26 -593 0
-26 -674 0
-107 -269 0
-107 -350 0
-107 -431 0
-107 -512 0
-107 -593 0
-107 -674 0
-188 -269 0
-188 -350 0
-188 -431 0
-188 -512 0
-188 -593 0
-188 -674 0
-269 -269 0
-269 -350 0
-269 -431 0
-269 -512 0
-269 -593 0
-269 -674 0
-350 -269 0
-350 -350 0
-350 -431 0
-350 -512 0
-350 -593 0
-350 -674 0
-431 -269 0
-431 -350 0
-431 -431 0
-431 -512 0
-431 -593 0
-431 -674 0
-512 -269 0
-512 -350 0
-512 -431 0
-512 -512 0
-512 -593 0
-512 -674 0
-593 -269 0
-593 -350 0
-593 -431 0
-593 -512 0
-593 -593 0
-593 -674 0
-27 -270 0
-27 -351 0
-27 -432 0
-27 -513 0
-27 -594 0
-27 -675 0
-108 -270 0
-108 -351 0
-108 -432 0
-108 -513 0
-108 -594 0
-108 -675 0
-189 -270 0
-189 -351 0
-189 -432 0
-189 -513 0
-189 -594 0
-189 -675 0
-270 -270 0
-270 -351 0
-270 -432 0
-270 -513 0
-270 -594 0
-270 -675 0
-351 -270 0
-351 -351 0
-351 -432 0
-351 -513 0
-351 -594 0
-351 -675 0
-432 -270 0
-432 -351 0
-432 -432 0
-432 -513 0
-432 -594 0
-432 -675 0
-513 -270 0
-513 -351 0
-513 -432 0
-513 -513 0
-513 -594 0
-513 -675 0
-594 -270 0
-594 -351 0
-594 -432 0
-594 -513 0
-594 -594 0
-594 -675 0
-28 -352 0
-28 -433 0
-28 -514 0
-28 -595 0
-28 -676 0
-109 -352 0
-109 -433 0
-109 -514 0
-109 -595 0
-109 -676 0
-190 -352 0
-190 -433 0
-190 -514 0
-190 -595 0
-190 -676 0
-271 -352 0
-271 -433 0
-271 -514 0
-271 -595 0
-271 -676 0
-352 -352 0
-352 -433 0
-352 -514 0
-352 -595 0
-352 -676 0
-433 -352 0
-433 -433 0
-433 -514 0
-433 -595 0
-433 -676 0
-514 -352 0
-514 -433 0
-514 -514 0
-514 -595 0
-514 -676 0
-595 -352 0
-595 -433 0
-595 -514 0
-595 -595 0
-595 -676 0
-29 -353 0
-29 -434 0
-29 -515 0
-29 -596 0
-29 -677 0
-110 -353 0
-110 -434 0
-110 -515 0
-110 -596 0
-110 -677 0
-191 -353 0
-191 -434 0
-191 -515 0
-191 -596 0
-191 -677 0
-272 -353 0
-272 -434 0
-272 -515 0
-272 -596 0
-272 -677 0
-353 -353 0
-353 -434 0
-353 -515 0
-353 -596 0
-353 -677 0
-434 -353 0
-434 -434 0
-434 -515 0
-434 -596 0
-434 -677 0
-515 -353 0
-515 -434 0
-515 -515 0
-515 -596 0
-515 -677 0
-596 -353 0
-596 -434 0
-596 -515 0
-596 -596 0
-596 -677 0
-30 -354 0
-30 -435 0
-30 -516 0
-30 -597 0
-30 -678 0
-111 -354 0
-111 -435 0
-111 -516 0
-111 -597 0
-111 -678 0
-192 -354 0
-192 -435 0
-192 -516 0
-192 -597 0
-192 -678 0
-273 -354 0
-273 -435 0
-273 -516 0
-273 -597 0
-273 -678 0
-354 -354 0
-354 -435 0
-354 -516 0
-354 -597 0
-354 -678 0
-435 -354 0
-435 -435 0
-435 -516 0
-435 -597 0
-435 -678 0
-516 -354 0
-516 -435 0
-516 -516 0
-516 -597 0
-516 -678 0
-597 -354 0
-597 -435 0
-597 -516 0
-597 -597 0
-597 -678 0
-31 -355 0
-31 -436 0
-31 -517 0
-31 -598 0
-31 -679 0
-112 -355 0
-112 -436 0
-112 -517 0
-112 -598 0
-112 -679 0
-193 -355 0
-193 -436 0
-193 -517 0
-193 -598 0
-193 -679 0
-274 -355 0
-274 -436 0
-274 -517 0
-274 -598 0
-274 -679 0
-355 -355 0
-355 -436 0
-355 -517 0
-355 -598 0
-355 -679 0
-436 -355 0
-436 -436 0
-436 -517 0
-436 -598 0
-436 -679 0
-517 -355 0
-517 -436 0
-517 -517 0
-517 -598 0
-517 -679 0
-598 -355 0
-598 -436 0
-598 -517 0
-598 -598 0
-598 -679 0
-32 -356 0
-32 -437 0
-32 -518 0
-32 -599 0
-32 -680 0
-113 -356 0
-113 -437 0
-113 -518 0
-113 -599 0
-113 -680 0
-194 -356 0
-194 -437 0
-194 -518 0
-194 -599 0
-194 -680 0
-275 -356 0
-275 -437 0
-275 -518 0
-275 -599 0
-275 -680 0
-356 -356 0
-356 -437 0
-356 -518 0
-356 -599 0
-356 -680 0
-437 -356 0
-437 -437 0
-437 -518 0
-437 -599 0
-437 -680 0
-518 -356 0
-518 -437 0
-518 -518 0
-518 -599 0
-518 -680 0
-599 -356 0
-599 -437 0
-599 -518 0
-599 -599 0
-599 -680 0
-33 -357 0
-33 -438 0
-33 -519 0
-33 -600 0
-33 -681 0
-114 -357 0
-114 -438 0
-114 -519 0
-114 -600 0
-114 -681 0
-195 -357 0
-195 -438 0
-195 -519 0
-195 -600 0
-195 -681 0
-276 -357 0
-276 -438 0
-276 -519 0
-276 -600 0
-276 -681 0
-357 -357 0
-357 -438 0
-357 -519 0
-357 -600 0
-357 -681 0
-438 -357 0
-438 -438 0
-438 -519 0
-438 -600 0
-438 -681 0
-519 -357 0
-519 -438 0
-519 -519 0
-519 -600 0
-519 -681 0
-600 -357 0
-600 -438 0
-600 -519 0
-600 -600 0
-600 -681 0
-34 -358 0
-34 -439 0
-34 -520 0
-34 -601 0
-34 -682 0
-115 -358 0
-115 -439 0
-115 -520 0
-115 -601 0
-115 -682 0
-196 -358 0
-196 -439 0
-196 -520 0
-196 -601 0
-196 -682 0
-277 -358 0
-277 -439 0
-277 -520 0
-277 -601 0
-277 -682 0
-358 -358 0
-358 -439 0
-358 -520 0
-358 -601 0
-358 -682 0
-439 -358 0
-439 -439 0
-439 -520 0
-439 -601 0
-439 -682 0
-520 -358 0
-520 -439 0
-520 -520 0
-520 -601 0
-520 -682 0
-601 -358 0
-601 -439 0
-601 -520 0
-601 -601 0
-601 -682 0
-35 -359 0
-35 -440 0
-35 -521 0
-35 -602 0
-35 -683 0
-116 -359 0
-116 -440 0
-116 -521 0
-116 -602 0
-116 -683 0
-197 -359 0
-197 -440 0
-197 -521 0
-197 -602 0
-197 -683 0
-278 -359 0
-278 -440 0
-278 -521 0
-278 -602 0
-278 -683 0
-359 -359 0
-359 -440 0
-359 -521 0
-359 -602 0
-359 -683 0
-440 -359 0
-440 -440 0
-440 -521 0
-440 -602 0
-440 -683 0
-521 -359 0
-521 -440 0
-521 -521 0
-521 -602 0
-521 -683 0
-602 -359 0
-602 -440 0
-602 -521 0
-602 -602 0
-602 -683 0
-36 -360 0
-36 -441 0
-36 -522 0
-36 -603 0
-36 -684 0
-117 -360 0
-117 -441 0
-117 -522 0
-117 -603 0
-117 -684 0
-198 -360 0
-198 -441 0
-198 -522 0
-198 -603 0
-198 -684 0
-279 -360 0
-279 -441 0
-279 -522 0
-279 -603 0
-279 -684 0
-360 -360 0
-360 -441 0
-360 -522 0
-360 -603 0
-360 -684 0
-441 -360 0
-441 -441 0
-441 -522 0
-441 -603 0
-441 -684 0
-522 -360 0
-522 -441 0
-522 -522 0
-522 -603 0
-522 -684 0
-603 -360 0
-603 -441 0
-603 -522 0
-603 -603 0
-603 -684 0
-37 -442 0
-37 -523 0
-37 -604 0
-37 -685 0
-118 -442 0
-118 -523 0
-118 -604 0
-118 -685 0
-199 -442 0
-199 -523 0
-199 -604 0
-199 -685 0
-280 -442 0
-280 -523 0
-280 -604 0
-280 -685 0
-361 -442 0
-361 -523 0
-361 -604 0
-361 -685 0
-442 -442 0
-442 -523 0
-442 -604 0
-442 -685 0
-523 -442 0
-523 -523 0
-523 -604 0
-523 -685 0
-604 -442 0
-604 -523 0
-604 -604 0
-604 -685 0
-38 -443 0
-38 -524 0
-38 -605 0
-38 -686 0
-119 -443 0
-119 -524 0
-119 -605 0
-119 -686 0
-200 -443 0
-200 -524 0
-200 -605 0
-200 -686 0
-281 -443 0
-281 -524 0
-281 -605 0
-281 -686 0
-362 -443 0
-362 -524 0
-362 -605 0
-362 -686 0
-443 -443 0
-443 -524 0
-443 -605 0
-443 -686 0
-524 -443 0
-524 -524 0
-524 -605 0
-524 -686 0
-605 -443 0
-605 -524 0
-605 -605 0
-605 -686 0
-39 -444 0
-39 -525 0
-39 -606 0
-39 -687 0
-120 -444 0
-120 -525 0
-120 -606 0
-120 -687 0
-201 -444 0
-201 -525 0
-201 -606 0
-201 -687 0
-282 -444 0
-282 -525 0
-282 -606 0
-282 -687 0
-363 -444 0
-363 -525 0
-363 -606 0
-363 -687 0
-444 -444 0
-444 -525 0
-444 -606 0
-444 -687 0
-525 -444 0
-525 -525 0
-525 -606 0
-525 -687 0
-606 -444 0
-606 -525 0
-606 -606 0
-606 -687 0
-40 -445 0
-40 -526 0
-40 -607 0
-40 -688 0
-121 -445 0
-121 -526 0
-121 -607 0
-121 -688 0
-202 -445 0
-202 -526 0
-202 -607 0
-202 -688 0
-283 -445 0
-283 -526 0
-283 -607 0
-283 -688 0
-364 -445 0
-364 -526 0
-364 -607 0
-364 -688 0
-445 -445 0
-445 -526 0
-445 -607 0
-445 -688 0
-526 -445 0
-526 -526 0
-526 -607 0
-526 -688 0
-607 -445 0
-607 -526 0
-607 -607 0
-607 -688 0
-41 -446 0
-41 -527 0
-41 -608 0
-41 -689 0
-122 -446 0
-122 -527 0
-122 -608 0
-122 -689 0
-203 -446 0
-203 -527 0
-203 -608 0
-203 -689 0
-284 -446 0
-284 -527 0
-284 -608 0
-284 -689 0
-365 -446 0
-365 -527 0
-365 -608 0
-365 -689 0
-446 -446 0
-446 -527 0
-446 -608 0
-446 -689 0
-527 -446 0
-527 -527 0
-527 -608 0
-527 -689 0
-608 -446 0
-608 -527 0
-608 -608 0
-608 -689 0
-42 -447 0
-42 -528 0
-42 -609 0
-42 -690 0
-123 -447 0
-123 -528 0
-123 -609 0
-123 -690 0
-204 -447 0
-204 -528 0
-204 -609 0
-204 -690 0
-285 -447 0
-285 -528 0
-285 -609 0
-285 -690 0
-366 -447 0
-366 -528 0
-366 -609 0
-366 -690 0
-447 -447 0
-447 -528 0
-447 -609 0
-447 -690 0
-528 -447 0
-528 -528 0
-528 -609 0
-528 -690 0
-609 -447 0
-609 -528 0
-609 -609 0
-609 -690 0
-43 -448 0
-43 -529 0
-43 -610 0
-43 -691 0
-124 -448 0
-124 -529 0
-124 -610 0
-124 -691 0
-205 -448 0
-205 -529 0
-205 -610 0
-205 -691 0
-286 -448 0
-286 -529 0
-286 -610 0
-286 -691 0
-367 -448 0
-367 -529 0
-367 -610 0
-367 -691 0
-448 -448 0
-448 -529 0
-448 -610 0
-448 -691 0
-529 -448 0
-529 -529 0
-529 -610 0
-529 -691 0
-610 -448 0
-610 -529 0
-610 -610 0
-610 -691 0
-44 -449 0
-44 -530 0
-44 -611 0
-44 -692 0
-125 -449 0
-125 -530 0
-125 -611 0
-125 -692 0
-206 -449 0
-206 -530 0
-206 -611 0
-206 -692 0
-287 -449 0
-287 -530 0
-287 -611 0
-287 -692 0
-368 -449 0
-368 -530 0
-368 -611 0
-368 -692 0
-449 -449 0
-449 -530 0
-449 -611 0
-449 -692 0
-530 -449 0
-530 -530 0
-530 -611 0
-530 -692 0
-611 -449 0
-611 -530 0
-611 -611 0
-611 -692 0
-45 -450 0
-45 -531 0
-45 -612 0
-45 -693 0
-126 -450 0
-126 -531 0
-126 -612 0
-126 -693 0
-207 -450 0
-207 -531 0
-207 -612 0
-207 -693 0
-288 -450 0
-288 -531 0
-288 -612 0
-288 -693 0
-369 -450 0
-369 -531 0
-369 -612 0
-369 -693 0
-450 -450 0
-450 -531 0
-450 -612 0
-450 -693 0
-531 -450 0
-531 -531 0
-531 -612 0
-531 -693 0
-612 -450 0
-612 -531 0
-612 -612 0
-612 -693 0
-46 -532 0
-46 -613 0
-46 -694 0
-127 -532 0
-127 -613 0
-127 -694 0
-208 -532 0
-208 -613 0
-208 -694 0
-289 -532 0
-289 -613 0
-289 -694 0
-370 -532 0
-370 -613 0
-370 -694 0
-451 -532 0
-451 -613 0
-451 -694 0
-532 -532 0
-532 -613 0
-532 -694 0
-613 -532 0
-613 -613 0
-613 -694 0
-47 -533 0
-47 -614 0
-47 -695 0
-128 -533 0
-128 -614 0
-128 -695 0
-209 -533 0
-209 -614 0
-209 -695 0
-290 -533 0
-290 -614 0
-290 -695 0
-371 -533 0
-371 -614 0
-371 -695 0
-452 -533 0
-452 -614 0
-452 -695 0
-533 -533 0
-533 -614 0
-533 -695 0
-614 -533 0
-614 -614 0
-614 -695 0
-48 -534 0
-48 -615 0
-48 -696 0
-129 -534 0
-129 -615 0
-129 -696 0
-210 -534 0
-210 -615 0
-210 -696 0
-291 -534 0
-291 -615 0
-291 -696 0
-372 -534 0
-372 -615 0
-372 -696 0
-453 -534 0
-453 -615 0
-453 -696 0
-534 -534 0
-534 -615 0
-534 -696 0
-615 -534 0
-615 -615 0
-615 -696 0
-49 -535 0
-49 -616 0
-49 -697 0
-130 -535 0
-130 -616 0
-130 -697 0
-211 -535 0
-211 -616 0
-211 -697 0
-292 -535 0
-292 -616 0
-292 -697 0
-373 -535 0
-373 -616 0
-373 -697 0
-454 -535 0
-454 -616 0
-454 -697 0
-535 -535 0
-535 -616 0
-535 -697 0
-616 -535 0
-616 -616 0
-616 -697 0
-50 -536 0
-50 -617 0
-50 -698 0
-131 -536 0
-131 -617 0
-131 -698 0
-212 -536 0
-212 -617 0
-212 -698 0
-293 -536 0
-293 -617 0
-293 -698 0
-374 -536 0
-374 -617 0
-374 -698 0
-455 -536 0
-455 -617 0
-455 -698 0
-536 -536 0
-536 -617 0
-536 -698 0
-617 -536 0
-617 -617 0
-617 -698 0
-51 -537 0
-51 -618 0
-51 -699 0
-132 -537 0
-132 -618 0
-132 -699 0
-213 -537 0
-213 -618 0
-213 -699 0
-294 -537 0
-294 -618 0
-294 -699 0
-375 -537 0
-375 -618 0
-375 -699 0
-456 -537 0
-456 -618 0
-456 -699 0
-537 -537 0
-537 -618 0
-537 -699 0
-618 -537 0
-618 -618 0
-618 -699 0
-52 -538 0
-52 -619 0
-52 -700 0
-133 -538 0
-133 -619 0
-133 -700 0
-214 -538 0
-214 -619 0
-214 -700 0
-295 -538 0
-295 -619 0
-295 -700 0
-376 -538 0
-376 -619 0
-376 -700 0
-457 -538 0
-457 -619 0
-457 -700 0
-538 -538 0
-538 -619 0
-538 -700 0
-619 -538 0
-619 -619 0
-619 -700 0
-53 -539 0
-53 -620 0
-53 -701 0
-134 -539 0
-134 -620 0
-134 -701 0
-215 -539 0
-215 -620 0
-215 -701 0
-296 -539 0
-296 -620 0
-296 -701 0
-377 -539 0
-377 -620 0
-377 -701 0
-458 -539 0
-458 -620 0
-458 -701 0
-539 -539 0
-539 -620 0
-539 -701 0
-620 -539 0
-620 -620 0
-620 -701 0
-54 -540 0
-54 -621 0
-54 -702 0
-135 -540 0
-135 -621 0
-135 -702 0
-216 -540 0
-216 -621 0
-216 -702 0
-297 -540 0
-297 -621 0
-297 -702 0
-378 -540 0
-378 -621 0
-378 -702 0
-459 -540 0
-459 -621 0
-459 -702 0
-540 -540 0
-540 -621 0
-540 -702 0
-621 -540 0
-621 -621 0
-621 -702 0
-55 -622 0
-55 -703 0
-136 -622 0
-136 -703 0
-217 -622 0
-217 -703 0
-298 -622 0
-298 -703 0
-379 -622 0
-379 -703 0
-460 -622 0
-460 -703 0
-541 -622 0
-541 -703 0
-622 -622 0
-622 -703 0
-56 -623 0
-56 -704 0
-137 -623 0
-137 -704 0
-218 -623 0
-218 -704 0
-299 -623 0
-299 -704 0
-380 -623 0
-380 -704 0
-461 -623 0
-461 -704 0
-542 -623 0
-542 -704 0
-623 -623 0
-623 -704 0
-57 -624 0
-57 -705 0
-138 -624 0
-138 -705 0
-219 -624 0
-219 -705 0
-300 -624 0
-300 -705 0
-381 -624 0
-381 -705 0
-462 -624 0
-462 -705 0
-543 -624 0
-543 -705 0
-624 -624 0
-624 -705 0
-58 -625 0
-58 -706 0
-139 -625 0
-139 -706 0
-220 -625 0
-220 -706 0
-301 -625 0
-301 -706 0
-382 -625 0
-382 -706 0
-463 -625 0
-463 -706 0
-544 -625 0
-544 -706 0
-625 -625 0
-625 -706 0
-59 -626 0
-59 -707 0
-140 -626 0
-140 -707 0
-221 -626 0
-221 -707 0
-302 -626 0
-302 -707 0
-383 -626 0
-383 -707 0
-464 -626 0
-464 -707 0
-545 -626 0
-545 -707 0
-626 -626 0
-626 -707 0
-60 -627 0
-60 -708 0
-141 -627 0
-141 -708 0
-222 -627 0
-222 -708 0
-303 -627 0
-303 -708 0
-384 -627 0
-384 -708 0
-465 -627 0
-465 -708 0
-546 -627 0
-546 -708 0
-627 -627 0
-627 -708 0
-61 -628 0
-61 -709 0
-142 -628 0
-142 -709 0
-223 -628 0
-223 -709 0
-304 -628 0
-304 -709 0
-385 -628 0
-385 -709 0
-466 -628 0
-466 -709 0
-547 -628 0
-547 -709 0
-628 -628 0
-628 -709 0
-62 -629 0
-62 -710 0
-143 -629 0
-143 -710 0
-224 -629 0
-224 -710 0
-305 -629 0
-305 -710 0
-386 -629 0
-386 -710 0
-467 -629 0
-467 -710 0
-548 -629 0
-548 -710 0
-629 -629 0
-629 -710 0
-63 -630 0
-63 -711 0
-144 -630 0
-144 -711 0
-225 -630 0
-225 -711 0
-306 -630 0
-306 -711 0
-387 -630 0
-387 -711 0
-468 -630 0
-468 -711 0
-549 -630 0
-549 -711 0
-630 -630 0
-630 -711 0
-64 -712 0
-145 -712 0
-226 -712 0
-307 -712 0
-388 -712 0
-469 -712 0
-550 -712 0
-631 -712 0
-65 -713 0
-146 -713 0
-227 -713 0
-308 -713 0
-389 -713 0
-470 -713 0
-551 -713 0
-632 -713 0
-66 -714 0
-147 -714 0
-228 -714 0
-309 -714 0
-390 -714 0
-471 -714 0
-552 -714 0
-633 -714 0
-67 -715 0
-148 -715 0
-229 -715 0
-310 -715 0
-391 -715 0
-472 -715 0
-553 -715 0
-634 -715 0
-68 -716 0
-149 -716 0
-230 -716 0
-311 -716 0
-392 -716 0
-473 -716 0
-554 -716 0
-635 -716 0
-69 -717 0
-150 -717 0
-231 -717 0
-312 -717 0
-393 -717 0
-474 -717 0
-555 -717 0
-636 -717 0
-70 -718 0
-151 -718 0
-232 -718 0
-313 -718 0
-394 -718 0
-475 -718 0
-556 -718 0
-637 -718 0
-71 -719 0
-152 -719 0
-233 -719 0
-314 -719 0
-395 -719 0
-476 -719 0
-557 -719 0
-638 -719 0
-72 -720 0
-153 -720 0
-234 -720 0
-315 -720 0
-396 -720 0
-477 -720 0
-558 -720 0
-639 -720 0
3 0
38 0
71 0
112 0
144 0
179 0
198 0
203 0
210 0
226 0
236 0
264 0
288 0
304 0
316 0
333 0
339 0
356 0
376 0
389 0
404 0
416 0
430 0
451 0
464 0
496 0
508 0
515 0
528 0
539 0
554 0
590 0
621 0
660 0
691 0
729 0